1	1	0.69435
1	5	0.010608
1	119	-0.054487
1	156	0.025122
1	180	0.0006503
1	299	-5.547e-06
1	322	0.054801
1	404	0.01289
1	568	-4.0292e-05
1	627	0.0062522
1	699	-0.0066303
1	767	0.027105
1	830	0.0080213
1	859	0.0085675
1	927	0.0021991
1	935	-0.027377
1	944	0.016253
1	969	0.00058321
1	989	-0.012156
2	2	0.29242
2	24	0.021591
2	31	0.055101
2	67	-0.0001774
2	71	0.0019187
2	85	0.020856
2	118	-0.018833
2	120	0.05444
2	126	-0.00020378
2	128	4.4554e-05
2	133	3.5166e-06
2	138	0.0013799
2	164	0.00014851
2	190	-0.016432
2	200	0.0018795
2	218	0.0005683
2	222	9.0278e-06
2	252	-0.0008603
2	255	-5.2498e-05
2	279	-0.003566
2	297	-0.0073175
2	325	-6.8329e-05
2	340	-0.00019859
2	355	-0.0055633
2	412	-1.2207e-05
2	418	-0.00030986
2	432	-1.1128e-05
2	451	0.0026581
2	463	0.025236
2	490	-0.013706
2	496	-0.051018
2	498	-0.00015038
2	501	0.0010192
2	516	0.00061867
2	518	-0.00035764
2	529	0.00043162
2	583	-0.00060969
2	600	-0.00012457
2	604	0.00022699
2	608	-0.0015234
2	614	-0.0021359
2	618	-0.0070219
2	619	-3.1538e-05
2	652	-0.0013011
2	662	0.036178
2	695	-0.0001924
2	711	-0.0058764
2	728	0.00069726
2	742	-0.00085297
2	745	-0.10684
2	746	0.00067569
2	754	0.013508
2	756	0.00070981
2	816	-0.023614
2	817	0.046075
2	827	0.01645
2	834	-6.4007e-06
2	838	-3.4047e-06
2	842	0.01155
2	876	-0.0019511
2	896	-0.0060873
2	933	0.00011474
2	940	-0.00449
2	972	6.2299e-06
2	973	-0.0095098
2	974	-0.026549
2	981	-0.013559
3	3	0.9954
4	4	0.86541
4	37	-0.00071215
4	109	0.00086513
4	140	0.053989
4	157	-3.9615e-05
4	176	0.025352
4	327	-0.00010084
4	394	-0.22
4	408	0.0014371
4	434	0.067821
4	439	-0.00090082
4	460	-0.00010726
4	463	0.044695
4	472	3.7081e-06
4	485	-0.0012123
4	557	0.00051063
4	642	-0.0109
4	721	0.00053738
4	764	0.036976
4	811	0.00028847
4	827	-0.068569
4	845	-0.012597
4	885	-0.0013196
4	959	0.00055624
5	1	0.010608
5	5	0.59372
5	119	0.016098
5	156	-0.050857
5	180	0.00056195
5	299	-0.077026
5	322	0.050457
5	382	0.25885
5	404	0.011139
5	541	0.29403
5	568	1.5552e-05
5	627	0.0057566
5	699	-0.0061047
5	767	-0.14567
5	830	0.0073854
5	859	0.0078883
5	927	0.0019004
5	935	-0.023658
5	944	0.014964
5	962	0.018302
5	969	-0.0002251
5	989	-0.010505
6	6	0.82193
6	15	0.013855
6	62	-0.010037
6	108	0.01715
6	163	0.1459
6	183	0.0074884
6	313	-0.029273
6	374	0.0038691
6	377	-0.028153
6	414	-0.0092964
6	426	-0.008474
6	470	-0.0055001
6	578	-0.010269
6	585	0.0030502
6	623	0.0015534
6	645	0.027905
6	736	0.015878
6	795	-0.010412
6	839	0.0031463
6	878	-0.017609
6	897	0.003425
6	941	-0.29599
7	7	0.98627
8	8	0.88504
8	91	0.01918
8	146	-0.00095462
8	175	-0.00012989
8	256	0.025638
8	424	0.082557
8	462	0.015641
8	522	6.0123e-05
8	537	0.17348
8	586	0.00028998
8	640	-0.011002
8	668	-0.00019289
8	763	0.026127
8	930	0.0017768
8	939	-0.017037
9	9	0.98173
10	10	0.49737
10	136	0.060471
10	257	-0.097388
10	446	0.090249
10	844	-0.0060331
10	916	-0.06366
11	11	0.3356
11	53	-0.0022721
11	222	-0.0034312
11	429	0.016874
11	483	0.013684
11	574	0.0075484
11	712	-0.0054419
11	834	-0.0037722
11	838	-0.0020065
11	873	0.0045946
12	12	0.28752
12	179	0.014838
12	204	0.0046791
12	247	0.0030865
12	271	0.00075555
12	387	0.0013916
12	407	0.0019614
12	414	-0.056665
12	447	0.00070143
12	470	-0.033525
12	540	0.19402
12	634	0.011804
12	667	0.0015971
12	785	0.00053393
12	878	0.040387
12	887	2.694e-05
13	13	0.97272
14	14	0.86229
14	500	0.24542
14	898	0.1392
15	6	0.013855
15	15	0.74993
15	78	9.8021e-05
15	99	-0.00031425
15	118	-1.0727e-07
15	143	-0.00017936
15	144	-1.104e-07
15	155	-4.5606e-06
15	163	-0.049974
15	167	0.0078794
15	189	-0.0065019
15	193	0.00037143
15	194	0.0001688
15	199	0.00036769
15	209	-8.3819e-07
15	213	-0.00022735
15	242	-4.8793e-06
15	248	7.2695e-06
15	277	0.0041482
15	279	0.000174
15	340	9.6898e-06
15	342	0.00060664
15	347	0.0044338
15	370	2.6865e-06
15	377	-0.091511
15	388	0.0004423
15	414	0.14302
15	419	2.3528e-06
15	425	8.7499e-05
15	426	-0.0036544
15	470	0.08469
15	479	-0.00054134
15	486	-1.9383e-05
15	490	-0.0023361
15	491	-9.0279e-07
15	517	-5.0021e-07
15	525	2.4389e-05
15	578	-0.016538
15	583	-0.0010208
15	588	-0.00012733
15	623	0.021711
15	645	0.012034
15	651	5.9157e-08
15	662	-5.5843e-08
15	736	0.025572
15	759	0.00021857
15	795	-0.016769
15	839	0.034143
15	853	8.9076e-07
15	857	9.584e-05
15	860	-0.000714
15	878	0.27096
15	888	-0.00038072
15	895	3.095e-06
15	897	0.001477
15	900	0.00010078
15	911	0.00014159
15	973	0.0033668
16	16	0.16696
16	194	-0.022645
16	198	0.10129
16	208	2.9201e-05
16	255	0.0040944
16	312	-0.0032966
16	432	-0.019316
16	525	-0.0032719
16	541	-0.00084558
16	673	0.071883
16	686	0.033046
16	694	-0.001792
16	822	-0.012996
16	857	-0.012857
16	900	-0.01352
16	910	0.029587
16	911	0.045886
16	962	0.013584
16	975	0.0062701
16	998	0.00061159
17	17	0.86534
17	121	0.030417
17	544	-0.018243
17	703	0.075788
17	713	0.18448
17	749	-0.0012081
18	18	0.96157
19	19	0.79373
19	112	-0.068275
19	137	-0.056048
19	164	-0.0021278
19	176	0.0020228
19	255	0.00075216
19	325	0.00097899
19	336	-0.00067007
19	432	0.00015943
19	434	-0.00075615
19	485	0.075563
19	619	-0.00094468
19	680	0.079925
19	721	0.17046
19	722	-0.093222
19	789	-0.045397
19	933	0.0034369
20	20	0.33004
20	52	-0.00013383
20	53	-0.0012894
20	55	-0.00024393
20	69	-3.1761e-05
20	84	-0.059321
20	92	-0.11613
20	110	3.7988e-06
20	121	-0.0086505
20	167	3.7996e-05
20	189	4.6045e-05
20	264	-0.044915
20	270	0.00012326
20	274	-3.9505e-05
20	283	-0.0011159
20	361	-3.0035e-05
20	385	-0.0004921
20	391	-8.8081e-05
20	433	-0.032917
20	436	-0.11298
20	438	3.1573e-06
20	447	-7.5828e-06
20	466	-7.5953e-05
20	539	-0.001351
20	544	-0.00078974
20	595	0.037437
20	601	-0.00050271
20	617	0.00033061
20	621	-0.0018306
20	628	-0.0058246
20	646	0.0014616
20	647	-1.5654e-05
20	696	-0.0065495
20	703	0.0032809
20	706	-0.00068737
20	712	0.010364
20	749	-5.2298e-05
20	759	-0.015178
20	826	-0.013716
20	872	0.046833
20	873	0.011637
20	887	0.00019743
20	888	-0.0087137
20	928	-1.6887e-08
20	934	0.0020413
20	960	3.0963e-05
20	965	-0.17346
21	21	0.23386
21	54	-0.18338
21	208	6.7984e-05
21	219	-0.0025627
21	243	0.0011653
21	312	0.10098
21	523	0.014257
21	541	-0.0019687
21	694	0.054894
21	773	0.0049824
21	893	0.036125
21	924	-0.025159
21	962	0.031626
21	987	-0.042182
22	22	0.37573
22	35	0.011259
22	463	-0.0027992
22	536	-4.7592e-05
22	559	-0.0011381
22	560	-0.14685
22	609	-0.15735
22	628	0.18713
22	657	0.0019537
22	684	-0.00065466
22	696	-0.16642
22	757	0.0041932
22	758	0.020072
22	764	0.011347
22	827	0.0042944
22	851	-0.00042835
22	855	0.040203
22	963	0.0015425
22	986	-0.030252
23	23	0.39267
23	35	-0.00032315
23	92	0.0025082
23	409	0.0025566
23	536	-0.001043
23	595	0.0077807
23	684	-0.014348
23	709	0.0063776
23	758	-0.00057609
23	855	-0.0011539
23	963	0.033807
24	2	0.021591
24	24	0.75867
24	31	-0.018058
24	67	0.00024513
24	120	0.016222
24	128	-6.1564e-05
24	200	-0.016514
24	222	-1.2475e-05
24	355	0.0076874
24	418	0.00042817
24	496	0.0082837
24	600	0.00016121
24	604	-0.00029373
24	608	0.013384
24	652	0.0017978
24	728	-0.00096346
24	754	-0.0044269
24	756	-0.00091853
24	816	-0.0087053
24	834	8.8444e-06
24	838	4.7045e-06
24	842	-0.015959
24	940	0.0062042
24	972	-8.6084e-06
24	981	0.01874
25	25	0.65223
25	52	0.00047763
25	55	0.00087056
25	69	0.00011335
25	93	0.041257
25	148	0.0093691
25	167	-0.0001356
25	182	-0.083509
25	189	-0.00016433
25	274	0.00014099
25	291	-0.042247
25	296	-0.060078
25	361	0.00010719
25	391	0.00031435
25	393	-0.1317
25	403	0.042299
25	447	-5.4236e-05
25	466	-0.00054325
25	477	-0.012349
25	647	-0.00011197
25	755	0.063611
25	887	0.0014121
25	912	-0.011659
25	928	6.0267e-08
25	960	0.00022146
25	993	0.084989
26	26	0.45516
26	106	3.463e-05
26	126	-0.00050891
26	133	8.7823e-06
26	140	5.2519e-05
26	176	2.4662e-05
26	286	-0.00039397
26	394	-0.00021402
26	395	-0.0002776
26	415	0.22419
26	434	6.5975e-05
26	463	-0.00030485
26	465	-0.001873
26	594	9.3421e-05
26	645	-1.8446e-05
26	649	0.063718
26	746	-0.00015353
26	764	-0.0002522
26	801	6.9375e-05
26	814	-0.0084158
26	827	0.00046769
26	897	0.00015029
26	918	0.00011947
27	27	0.94183
28	28	0.93966
29	29	0.13298
29	128	-0.0047219
29	167	0.019447
29	189	0.023567
29	247	0.0048691
29	274	0.0096901
29	361	-0.015373
29	391	0.021605
29	447	-0.021394
29	455	-0.0012609
29	467	0.0013768
29	499	-0.0011511
29	600	-1.3308e-07
29	604	2.4249e-07
29	729	0.0001558
29	756	7.5828e-07
29	819	-0.017456
29	843	-0.004298
29	887	-0.00082169
29	899	0.0050555
29	921	-0.0029145
29	981	-1.547e-05
30	30	0.19672
30	773	0.15182
30	917	-0.21405
30	987	0.017933
31	2	0.055101
31	24	-0.018058
31	31	0.32098
31	67	0.00014837
31	85	0.027347
31	118	0.015751
31	120	0.023026
31	128	-3.7263e-05
31	164	0.00019473
31	190	-0.021545
31	200	-0.001572
31	222	-7.5506e-06
31	255	-6.8836e-05
31	297	0.0061201
31	325	-8.9594e-05
31	355	0.004653
31	412	-1.6007e-05
31	418	0.00025916
31	432	-1.4591e-05
31	463	0.03309
31	490	-0.017971
31	496	-0.091588
31	498	-0.00019718
31	518	-0.00046894
31	529	0.00056595
31	600	8.7204e-05
31	604	-0.00015889
31	608	0.0012741
31	619	-4.1353e-05
31	652	0.0010882
31	662	-0.030258
31	695	-0.00025227
31	711	-0.0077053
31	728	-0.00058316
31	745	0.089357
31	754	0.03547
31	756	-0.00049688
31	816	-0.022216
31	817	0.060414
31	827	0.021569
31	834	5.3533e-06
31	838	2.8476e-06
31	842	-0.00966
31	876	0.0016319
31	933	0.00015045
31	940	0.0037553
31	972	-5.2105e-06
31	973	-0.012469
31	974	-0.034811
31	981	0.011346
32	32	0.89146
32	74	-0.12357
32	243	0.012755
32	357	0.046697
32	893	-0.00041143
32	954	-0.015761
33	33	0.67503
33	58	-0.01876
33	162	5.1893e-05
33	234	0.0023623
33	241	0.0003441
33	368	0.00018282
33	399	-0.014377
33	417	-5.5897e-05
33	458	0.00084446
33	528	-0.010136
33	553	0.1888
33	630	0.0024563
33	681	-0.00035808
33	700	0.00090175
33	716	-9.0761e-05
33	725	0.084935
33	782	0.0015578
33	796	-0.0036048
33	797	-0.00020763
33	833	-0.30537
33	889	0.0010645
33	980	-0.015279
33	985	2.9424e-05
34	34	0.28704
34	131	-0.0066587
34	185	-0.071227
34	233	-3.755e-07
34	256	-1.9327e-06
34	293	-9.8008e-08
34	343	0.051096
34	422	0.0015266
34	462	3.0653e-06
34	480	-3.3451e-06
34	639	-0.185
34	640	-2.1563e-06
34	765	-0.01124
34	802	-4.4137e-07
34	905	0.024489
34	930	-1.3394e-07
34	939	1.2843e-06
35	22	0.011259
35	23	-0.00032315
35	35	0.41444
35	92	-0.00047949
35	338	0.014868
35	348	-0.037748
35	390	0.0054812
35	409	1.4809e-06
35	536	0.00016796
35	560	0.0068348
35	587	-0.012921
35	595	-0.0014874
35	609	0.0073235
35	626	0.066177
35	661	-0.0064236
35	669	0.035442
35	676	0.00038571
35	684	0.0023105
35	709	3.6941e-06
35	758	0.19081
35	778	0.027468
35	781	0.0086534
35	828	0.0070996
35	855	-0.14529
35	904	0.0020904
35	906	0.049329
35	963	-0.005444
35	986	0.001408
36	36	0.86688
36	149	0.0059125
36	226	0.0020557
36	245	0.0083412
36	299	4.0709e-05
36	331	0.017561
36	351	0.0019403
36	514	0.1656
36	524	0.0024081
36	568	0.00029571
36	620	-0.0011943
36	663	0.00012366
36	891	0.0068295
36	926	0.00013324
36	927	0.0011406
36	969	-0.0042802
37	4	-0.00071215
37	37	0.71221
37	43	0.003106
37	49	-0.00012878
37	86	-9.8773e-05
37	88	-0.00021381
37	95	-0.028198
37	108	0.0031616
37	109	0.065149
37	137	-0.017489
37	140	-0.0052362
37	157	0.030135
37	176	0.0015871
37	183	-0.0072408
37	195	-0.00035302
37	215	0.0658
37	230	-0.0012481
37	261	-0.011009
37	279	1.0081e-05
37	282	0.016089
37	283	-0.0077487
37	302	-0.0027475
37	322	0.00070989
37	327	0.076707
37	334	0.00022896
37	340	-0.00018102
37	385	-0.0034172
37	394	-0.0012269
37	396	-0.0059905
37	408	0.17135
37	423	0.019908
37	434	0.0042457
37	439	-0.008743
37	452	0.00090638
37	460	-0.0080776
37	463	0.00024925
37	467	0.0010988
37	471	-0.0011757
37	472	-0.0028206
37	473	4.3181e-05
37	485	0.00044298
37	499	-0.00091866
37	506	0.001115
37	515	0.0013875
37	519	0.0024375
37	532	0.020418
37	539	-0.0093814
37	549	8.8875e-05
37	556	1.4434e-05
37	557	-0.00018659
37	562	-0.001804
37	577	-0.00024573
37	586	-0.0013324
37	589	0.0055277
37	601	0.00014378
37	621	0.00052357
37	625	-0.019756
37	628	0.0016659
37	636	0.00084854
37	642	0.0039832
37	660	-0.0010245
37	668	-0.0020031
37	680	-0.012264
37	684	0.0046013
37	696	0.0018732
37	721	-0.00019637
37	729	0.00012434
37	748	0.017
37	764	0.0002062
37	771	-0.0016488
37	784	0.0005734
37	811	-0.00010541
37	819	0.0025498
37	820	0.013296
37	827	-0.00038238
37	843	-0.0034302
37	845	0.0044908
37	847	-9.4373e-05
37	881	-0.002593
37	885	-0.012807
37	899	0.0040347
37	921	-0.002326
37	944	-0.0023936
37	959	0.041888
37	963	0.0019528
37	984	0.0015616
38	38	0.21736
38	40	0.0055949
38	110	0.026016
38	270	-0.00016545
38	438	0.021623
38	502	-0.012296
38	617	-0.00044376
38	674	-0.0059434
38	750	0.012364
38	777	-0.035344
38	799	0.032625
38	988	-0.030558
39	39	0.91614
40	38	0.0055949
40	40	0.79913
40	50	-0.00096449
40	86	-7.4934e-08
40	88	-1.6221e-07
40	110	0.027913
40	184	-4.6039e-05
40	230	-9.4686e-07
40	261	-8.3518e-06
40	270	-0.00017751
40	284	-0.003021
40	334	1.737e-07
40	438	0.0232
40	452	6.8763e-07
40	467	-8.1875e-06
40	473	3.2759e-08
40	499	6.8453e-06
40	502	-0.012834
40	552	0.0056858
40	577	-1.8643e-07
40	584	0.0077187
40	617	-0.00047612
40	653	-0.00041438
40	674	-0.0084076
40	699	0.0054013
40	729	-9.2649e-07
40	738	-9.9788e-05
40	748	1.2897e-05
40	750	-0.2539
40	777	-0.03689
40	799	0.034052
40	801	6.28e-05
40	806	0.0018126
40	819	-1.9e-05
40	836	-0.015833
40	843	2.556e-05
40	859	0.00418
40	899	-3.0064e-05
40	918	-3.6466e-05
40	921	1.7332e-05
40	988	-0.031894
41	41	0.91193
42	42	0.80402
42	50	-0.0029478
42	107	-0.048061
42	114	0.0011629
42	168	-0.0011243
42	284	0.00094113
42	862	-0.009446
42	979	-0.00024666
43	37	0.003106
43	43	0.32082
43	106	0.022141
43	109	-0.0037732
43	137	0.0070356
43	157	0.00017278
43	215	-0.026471
43	279	-0.0011674
43	327	0.00043981
43	340	0.020963
43	396	-0.060655
43	408	0.0048202
43	460	0.00046783
43	461	-0.033739
43	472	-1.6173e-05
43	506	-0.12912
43	556	-0.0016716
43	562	-0.018266
43	594	0.059731
43	636	-0.098268
43	680	0.0049337
43	682	0.0031163
43	771	-0.060651
43	801	-0.023069
43	847	0.010929
43	918	-0.039728
43	959	-0.002426
44	44	0.88006
44	508	0.10504
44	857	-0.064498
44	900	0.061335
45	45	0.27001
45	100	-0.20422
45	111	-0.0060408
45	291	0.025111
45	401	-0.00093778
45	532	-0.0034779
45	625	-0.002474
45	723	0.0026364
45	755	0.016678
45	818	-0.016192
45	820	0.001665
45	823	0.0013093
45	869	-0.00043534
45	880	0.13049
46	46	0.70037
46	181	0.16612
46	416	0.10171
47	47	0.37969
47	279	-0.00083905
47	304	0.013994
47	340	0.015066
47	484	-0.039812
47	506	-0.092803
47	556	-0.0012014
47	636	0.12606
47	847	0.0078549
48	48	0.58767
48	153	-0.098212
48	171	-0.00024004
48	214	-0.022813
48	260	0.016102
48	349	0.055338
48	383	-0.021382
48	400	5.7389e-05
48	476	0.037391
48	527	0.010047
48	705	0.0052927
48	730	-0.005509
49	37	-0.00012878
49	49	0.69687
49	109	0.00015644
49	157	-7.1635e-06
49	195	0.0031762
49	327	-1.8235e-05
49	408	0.00025987
49	439	-0.00016289
49	460	-1.9396e-05
49	472	6.7051e-07
49	485	0.00029891
49	549	-0.28579
49	557	-0.0001259
49	586	-0.008096
49	642	0.0026877
49	668	-0.012171
49	721	-0.0001325
49	811	-7.1127e-05
49	845	-0.0022778
49	885	-0.00023861
49	959	0.00010058
50	40	-0.00096449
50	42	-0.0029478
50	50	0.18467
50	107	-0.001339
50	110	0.00072161
50	114	0.12902
50	134	-0.0034254
50	168	-0.0038087
50	174	-0.03562
50	270	-4.589e-06
50	284	0.075823
50	437	-0.015691
50	438	0.00059976
50	552	-0.00065959
50	584	-0.00089542
50	617	-1.2309e-05
50	699	-0.00062658
50	750	-0.0021314
50	806	-0.00021028
50	836	-0.014916
50	859	-0.00048491
50	862	-0.032
50	903	-0.018777
50	979	-0.027367
51	51	0.52688
51	467	-0.16663
51	499	-0.1993
52	20	-0.00013383
52	25	0.00047763
52	52	0.30673
52	55	0.06582
52	69	-0.077053
52	92	-0.00010969
52	93	0.00088196
52	116	0.00058946
52	148	-0.0003765
52	166	-0.03098
52	167	-0.045795
52	182	0.0001415
52	189	-0.055498
52	190	0.060624
52	274	0.047615
52	361	0.036201
52	391	0.10616
52	403	0.00046025
52	412	-0.00032203
52	436	-0.00010672
52	447	-0.0038548
52	466	-0.038611
52	477	0.00049625
52	529	-0.0022715
52	595	3.5361e-05
52	647	-0.0079579
52	695	-0.0050754
52	817	0.02162
52	887	0.10037
52	912	0.00046852
52	928	-4.0968e-05
52	960	0.01574
52	965	0.00017899
53	11	-0.0022721
53	20	-0.0012894
53	53	0.21953
53	84	0.001297
53	106	0.00038495
53	110	-0.00014148
53	121	-0.00302
53	264	0.00098206
53	270	-0.0045906
53	279	-6.2153e-05
53	283	-0.00059021
53	340	-3.4613e-06
53	385	-0.00026028
53	429	-0.062031
53	433	0.00071973
53	438	-0.00011759
53	440	0.00060263
53	451	-0.00033157
53	516	1.0783e-05
53	539	-0.00071457
53	544	-0.00027353
53	574	0.070741
53	583	-1.0627e-05
53	594	0.0010385
53	601	-0.0002659
53	611	0.091487
53	617	-0.012313
53	621	-0.00096827
53	628	-0.0030808
53	646	-0.054436
53	648	0.0029484
53	682	-0.034414
53	696	-0.0034642
53	703	0.0011363
53	706	0.0256
53	712	0.090753
53	749	-0.00061889
53	759	0.00033187
53	801	-0.00040108
53	826	-0.0086447
53	872	-0.001024
53	873	-0.077069
53	888	0.00019052
53	896	-0.0001061
53	918	-0.00069071
53	934	-0.06831
53	965	-0.00096412
54	21	-0.18338
54	54	0.76936
54	208	2.1049e-05
54	219	-0.00079346
54	243	-0.0037636
54	312	0.031267
54	523	0.0044143
54	541	-0.00060953
54	694	0.016996
54	773	0.0015426
54	893	-0.11667
54	924	-0.0077897
54	962	0.009792
54	987	-0.01306
55	20	-0.00024393
55	25	0.00087056
55	52	0.06582
55	55	0.46662
55	69	0.01562
55	92	-0.00019993
55	93	0.0016075
55	148	-0.00068623
55	167	-0.018687
55	182	0.0002579
55	189	-0.022646
55	190	-0.060733
55	274	0.019429
55	361	0.014772
55	391	0.043319
55	403	0.00083888
55	436	-0.00019451
55	447	-0.007026
55	466	-0.070375
55	477	0.0009045
55	595	6.4451e-05
55	647	-0.014505
55	817	-0.021659
55	887	0.18293
55	912	0.00085396
55	928	8.3052e-06
55	960	0.02869
55	965	0.00032624
56	56	0.34696
56	57	-0.099243
56	360	0.052221
56	389	0.0094325
56	463	-0.0015208
56	552	0.0017142
56	559	0.0050291
56	584	-0.00078022
56	699	-0.00054597
56	757	-0.018529
56	764	0.006165
56	806	0.0005465
56	827	0.0023332
56	851	0.0018928
56	859	-0.00042252
56	865	0.29336
56	914	0.018524
57	56	-0.099243
57	57	0.64467
57	360	0.12432
57	463	-0.0036206
57	559	0.011973
57	757	-0.044113
57	764	0.014677
57	827	0.0055547
57	851	0.0045063
57	865	-0.13891
57	914	0.0441
58	33	-0.01876
58	58	0.5814
58	399	-0.22645
58	528	0.00041442
58	553	0.015404
58	630	-0.0062321
58	700	-0.0022879
58	725	-0.0034725
58	797	0.0005268
58	833	-0.024915
58	980	-0.24066
59	59	0.87487
60	60	0.51538
60	235	-0.005521
60	268	-0.0095827
60	647	-0.012385
60	659	-0.081939
60	735	0.047775
60	776	0.006614
60	915	-0.055555
60	949	0.32956
60	955	0.045321
60	960	-0.0062617
61	61	0.75595
61	113	-0.032385
61	135	-0.038324
61	444	0.060574
61	516	-0.023669
61	896	-0.0024055
62	6	-0.010037
62	62	0.74174
62	108	-0.060022
62	163	0.036201
62	183	-0.026208
62	313	-0.084827
62	374	0.011212
62	497	0.1994
62	585	0.0088388
62	839	0.057059
63	63	0.59251
63	258	0.06676
63	298	0.10758
63	397	-0.090355
64	64	0.86484
65	65	0.18243
65	199	-0.0010003
65	392	-0.046041
65	759	0.00041712
65	768	0.082678
65	888	-0.00072658
66	66	0.86086
67	2	-0.0001774
67	24	0.00024513
67	31	0.00014837
67	67	0.23458
67	118	0.00026776
67	120	0.00025564
67	128	1.277e-05
67	200	2.1339e-05
67	222	2.5875e-06
67	297	0.00010404
67	355	-0.0015946
67	418	-8.8813e-05
67	496	0.00013054
67	600	-3.3438e-05
67	604	6.0928e-05
67	608	-1.7295e-05
67	652	0.084744
67	662	-0.00051436
67	728	0.00019985
67	745	0.001519
67	754	3.6374e-05
67	756	0.00019053
67	816	7.1527e-05
67	834	-1.8346e-06
67	838	-9.7584e-07
67	842	0.0033104
67	876	-2.2152e-05
67	940	-0.0012869
67	972	1.7856e-06
67	981	-0.0038871
68	68	0.21538
68	171	-0.00095176
68	175	-0.00014664
68	228	0.00097014
68	255	-0.0052723
68	258	0.00018805
68	269	-0.00012541
68	298	-6.8428e-05
68	325	0.0042327
68	334	-0.15385
68	397	5.7472e-05
68	400	-0.0039809
68	432	-0.0011175
68	452	0.040247
68	473	-0.029016
68	552	-0.0082172
68	575	0.00010281
68	586	-4.5534e-05
68	610	6.025e-05
68	668	3.0289e-05
68	752	-0.00011438
68	806	0.025776
69	20	-3.1761e-05
69	25	0.00011335
69	52	-0.077053
69	55	0.01562
69	69	0.61312
69	92	-2.6032e-05
69	93	0.00020931
69	116	-0.0024838
69	148	-8.9351e-05
69	166	0.13054
69	167	-0.010868
69	182	3.358e-05
69	189	-0.013171
69	190	0.014387
69	274	0.0113
69	361	0.0085911
69	391	0.025194
69	403	0.00010923
69	412	0.001357
69	436	-2.5326e-05
69	447	-0.00091482
69	466	-0.0091632
69	477	0.00011777
69	529	0.0095714
69	595	8.3918e-06
69	647	-0.0018886
69	695	0.021386
69	817	0.0051309
69	887	0.023819
69	912	0.00011119
69	928	-0.00012857
69	960	0.0037355
69	965	4.2478e-05
70	70	0.85296
71	2	0.0019187
71	71	0.28927
71	99	0.0010226
71	105	-0.10114
71	126	-3.4506e-05
71	133	5.9547e-07
71	138	0.00023366
71	218	9.623e-05
71	252	-0.00014568
71	266	0.0092448
71	279	0.042298
71	340	0.0023556
71	341	0.0018083
71	384	-0.016573
71	406	-0.065529
71	451	-0.031529
71	501	0.00017257
71	516	-0.0073383
71	521	-0.091101
71	583	0.0072319
71	603	-0.0097859
71	614	-0.00036168
71	618	-0.068329
71	742	0.045912
71	746	0.00011441
71	816	0.0047588
71	860	-0.00045009
71	896	0.072205
71	913	-0.032671
71	925	-0.0036934
72	72	0.84904
73	73	0.84401
73	89	-0.0092201
74	32	-0.12357
74	74	0.49704
74	154	0.014665
74	231	-0.0008715
74	243	0.011691
74	282	-0.00011464
74	357	0.042804
74	631	0.0016932
74	685	-0.11042
74	732	-0.00091476
74	881	-0.00071133
74	893	-0.00037713
74	954	0.00093862
75	75	0.84319
76	76	0.75261
76	184	-0.029705
76	240	-0.089287
76	687	0.077863
76	738	0.013705
76	894	-0.022571
77	77	0.35564
77	475	-0.099008
78	15	9.8021e-05
78	78	0.42194
78	99	-0.016731
78	118	0.00052583
78	144	0.00054116
78	155	0.022355
78	209	0.0041085
78	213	0.17672
78	242	0.023917
78	248	0.038703
78	277	0.0012153
78	347	-0.0049995
78	370	-0.013168
78	419	-0.18771
78	486	-0.1032
78	517	0.0024519
78	623	-0.00087429
78	651	-0.00028997
78	662	0.00027373
78	860	-0.038015
78	895	0.016478
79	79	0.82845
79	443	0.00021101
79	688	-0.01145
79	705	0.00034224
79	730	0.0003288
79	864	0.068206
80	80	0.83353
81	81	0.83161
82	82	0.8297
83	83	0.1662
83	198	9.1269e-05
83	242	-7.8806e-05
83	517	0.00076884
83	651	9.5545e-07
83	720	0.00070581
83	727	0.00019196
83	948	0.18734
83	975	-0.0014744
84	20	-0.059321
84	53	0.001297
84	84	0.33172
84	110	-3.8212e-06
84	121	0.0087015
84	198	0.00056631
84	242	0.0016826
84	264	0.039293
84	266	-0.00041449
84	270	-0.00012399
84	283	0.0011224
84	321	-0.039236
84	385	0.000495
84	387	-2.3108e-05
84	407	1.6395e-05
84	433	0.019371
84	438	-3.176e-06
84	512	-0.13305
84	517	-0.016416
84	539	0.0013589
84	544	0.0007944
84	571	-0.0068823
84	572	-0.01412
84	601	0.00050568
84	603	-0.00039157
84	617	-0.00033256
84	621	0.0018414
84	628	0.0058589
84	646	-0.0014703
84	651	-2.04e-05
84	672	0.017551
84	696	0.0065882
84	703	-0.0033002
84	706	0.00069142
84	712	0.0024093
84	727	-0.0040987
84	749	5.2607e-05
84	751	0.0003539
84	759	0.013279
84	826	0.013797
84	872	0.1374
84	873	0.003495
84	888	0.0076231
84	934	-0.0020533
84	965	-0.044355
84	975	-0.0091486
85	2	0.020856
85	31	0.027347
85	85	0.2961
85	120	0.0083571
85	164	-0.00052471
85	190	0.0022557
85	214	-0.084784
85	255	0.00018548
85	325	0.00024141
85	383	0.090456
85	412	4.313e-05
85	432	3.9315e-05
85	490	0.1795
85	496	-0.016366
85	498	0.00053129
85	518	0.0012636
85	529	-0.001525
85	600	2.7944e-05
85	604	-5.0917e-05
85	619	0.00011143
85	695	0.00067975
85	711	0.0050395
85	754	0.006704
85	756	-0.00015922
85	816	-0.0084089
85	817	-0.006325
85	933	-0.0004054
85	973	0.12455
85	974	-0.011784
85	981	-8.8428e-06
86	37	-9.8773e-05
86	40	-7.4934e-08
86	86	0.64375
86	88	1.4655e-05
86	96	0.00041916
86	108	-0.00019622
86	109	0.00011999
86	110	-3.4844e-07
86	140	-0.00013749
86	157	-5.4945e-06
86	176	3.5897e-05
86	183	0.00044938
86	184	7.927e-06
86	230	-0.028114
86	261	0.00075455
86	270	2.2159e-09
86	299	-3.8102e-07
86	322	-0.00018932
86	326	0.00014507
86	327	-1.3986e-05
86	334	0.0025342
86	353	0.00039428
86	408	0.00019932
86	434	9.6031e-05
86	438	-2.8961e-07
86	439	0.00017882
86	445	-0.08022
86	450	0.05725
86	452	0.010032
86	460	-1.4877e-05
86	467	-7.1654e-05
86	472	5.1429e-07
86	473	0.00047795
86	499	5.9908e-05
86	524	-2.2539e-05
86	547	-0.01308
86	568	-2.7677e-06
86	577	-0.003969
86	589	0.00013725
86	617	5.9434e-09
86	653	6.6472e-05
86	663	0.0019321
86	674	-2.9944e-06
86	684	-0.00023335
86	729	-8.1083e-06
86	738	1.7181e-05
86	748	-0.0011652
86	750	-1.6559e-07
86	784	-2.9079e-05
86	801	-1.0074e-05
86	819	-0.00016628
86	843	0.00022369
86	885	0.00026195
86	899	-0.00026311
86	918	5.8496e-06
86	921	0.00015168
86	926	-1.247e-06
86	927	-1.0676e-05
86	944	0.00063834
86	958	-0.00046892
86	959	7.7149e-05
86	963	-9.9037e-05
86	964	-0.23753
86	969	4.006e-05
87	87	0.41429
87	88	-0.0026668
87	261	-0.13731
87	579	0.021394
87	748	-0.088949
87	772	0.10485
87	867	0.0014418
88	37	-0.00021381
88	40	-1.6221e-07
88	86	1.4655e-05
88	87	-0.0026668
88	88	0.42025
88	108	-0.00042474
88	109	0.00025974
88	110	-7.5427e-07
88	140	-0.00029762
88	157	-1.1894e-05
88	176	7.7705e-05
88	182	-0.027627
88	183	0.00097276
88	184	1.7159e-05
88	230	0.00018517
88	261	-0.00070261
88	270	4.7967e-09
88	296	-0.018823
88	322	-0.0004098
88	327	-3.0275e-05
88	328	-0.014054
88	334	-3.397e-05
88	374	0.0055767
88	403	0.0084934
88	408	0.00043147
88	434	0.00020787
88	438	-6.269e-07
88	439	0.00038709
88	452	-0.00013448
88	460	-3.2204e-05
88	467	-0.00015511
88	472	1.1133e-06
88	473	-6.4067e-06
88	499	0.00012968
88	577	3.6459e-05
88	579	0.00042287
88	582	0.0013851
88	585	-0.0070739
88	589	0.00029711
88	617	1.2865e-08
88	638	-0.018261
88	653	0.00014389
88	674	-6.4819e-06
88	684	-0.00050513
88	729	-1.7552e-05
88	738	3.7192e-05
88	748	-0.00099812
88	750	-3.5846e-07
88	772	0.0020723
88	784	-6.2947e-05
88	801	-2.1807e-05
88	803	-0.014232
88	819	-0.00035993
88	821	-0.017964
88	843	0.00048421
88	867	2.8498e-05
88	885	0.00056703
88	899	-0.00056955
88	918	1.2662e-05
88	921	0.00032834
88	938	-0.056075
88	944	0.0013818
88	959	0.000167
88	963	-0.00021438
88	993	-0.044678
89	73	-0.0092201
89	89	0.8195
90	90	0.23653
90	127	-0.026257
90	147	0.012168
90	356	-0.023936
90	632	0.017815
91	8	0.01918
91	91	0.5197
91	97	-0.00011664
91	180	-1.3334e-07
91	232	2.3261e-05
91	256	-0.047959
91	298	-1.9392e-06
91	299	1.1374e-09
91	397	-2.3088e-06
91	404	-2.6431e-06
91	424	-0.030133
91	462	-0.029258
91	522	0.00062954
91	537	0.0046722
91	568	8.2618e-09
91	640	0.020581
91	763	0.00070368
91	927	-4.5092e-07
91	930	-0.0033237
91	935	5.6136e-06
91	939	0.031869
91	969	-1.1958e-07
91	989	-1.554e-05
92	20	-0.11613
92	23	0.0025082
92	35	-0.00047949
92	52	-0.00010969
92	55	-0.00019993
92	69	-2.6032e-05
92	92	0.72464
92	167	3.1142e-05
92	189	3.774e-05
92	274	-3.2379e-05
92	361	-2.4617e-05
92	391	-7.2193e-05
92	409	-1.1494e-05
92	436	-0.023159
92	447	-6.2151e-06
92	466	-6.2252e-05
92	536	-0.0015477
92	595	-0.18575
92	647	-1.283e-05
92	684	-0.021289
92	709	-2.8673e-05
92	758	-0.0008548
92	855	-0.0017121
92	887	0.00016182
92	928	-1.3841e-08
92	960	2.5378e-05
92	963	0.050163
92	965	0.15532
93	25	0.041257
93	52	0.00088196
93	55	0.0016075
93	69	0.00020931
93	93	0.70607
93	148	0.0173
93	167	-0.00025039
93	182	0.056377
93	189	-0.00030344
93	274	0.00026034
93	291	0.022879
93	296	0.032536
93	361	0.00019793
93	391	0.00058045
93	393	0.071323
93	403	0.013368
93	447	-0.00010015
93	466	-0.0010031
93	477	-0.022803
93	647	-0.00020675
93	755	-0.034449
93	887	0.0026075
93	912	-0.021529
93	928	1.1129e-07
93	960	0.00040894
93	993	-0.046026
94	94	0.52682
94	308	-0.097578
94	447	1.3815e-05
94	466	0.00013837
94	647	-0.0010615
94	887	-0.00035968
94	960	0.0020996
95	37	-0.028198
95	95	0.30143
95	109	0.034256
95	140	-0.039252
95	157	-0.0015686
95	176	0.010248
95	322	0.026715
95	327	-0.0039929
95	408	0.056904
95	423	-0.12028
95	434	0.027415
95	439	0.051051
95	460	-0.0042472
95	472	0.00014682
95	515	0.0077078
95	589	0.039184
95	885	0.074782
95	944	-0.090079
95	959	0.022025
96	86	0.00041916
96	96	0.42654
96	162	-0.013966
96	230	-3.3172e-05
96	241	-0.092611
96	265	0.057554
96	299	-2.1583e-06
96	326	-0.041023
96	353	-0.016676
96	445	-0.00011806
96	450	-0.0010943
96	458	0.041497
96	524	-0.00012767
96	547	0.0062574
96	568	-1.5677e-05
96	580	-0.0058343
96	663	0.010944
96	716	0.024427
96	870	0.029855
96	926	-7.0638e-06
96	927	-6.0472e-05
96	958	-0.018543
96	964	0.00070409
96	969	0.00022692
96	985	-0.0079191
97	91	-0.00011664
97	97	0.37818
97	180	8.8307e-05
97	232	-0.015405
97	298	0.0012842
97	299	-7.5325e-07
97	397	0.0015291
97	404	0.0017505
97	522	0.037209
97	568	-5.4715e-06
97	927	0.00029863
97	935	-0.0037177
97	969	7.9197e-05
97	989	0.010291
98	98	0.41435
98	909	0.33486
99	15	-0.00031425
99	71	0.0010226
99	78	-0.016731
99	99	0.4398
99	118	2.1177e-05
99	143	-0.0044372
99	144	2.1795e-05
99	155	0.00090031
99	167	-0.0016515
99	189	0.0013628
99	209	0.00016547
99	213	-0.0010256
99	242	0.00096323
99	248	0.0015587
99	266	-0.015613
99	277	-0.0038963
99	341	-0.1133
99	347	-0.001663
99	370	-0.00053035
99	384	-0.0056477
99	388	0.010942
99	419	-0.0075598
99	479	-0.013392
99	486	-0.0041561
99	517	9.8746e-05
99	521	-0.0020563
99	603	0.016527
99	618	0.00033466
99	623	0.0028029
99	651	-1.1678e-05
99	662	1.1024e-05
99	742	-0.00045462
99	860	0.13531
99	895	0.00066364
99	925	0.0062376
100	45	-0.20422
100	100	0.56796
100	291	0.028037
100	755	0.018621
100	880	-0.21616
101	101	0.46056
101	167	-0.0028786
101	187	-0.0064696
101	189	-0.0034885
101	247	-0.0046994
101	272	-0.0024167
101	288	0.10051
101	361	-0.0089897
101	368	-0.2137
101	447	0.020648
101	467	0.001777
101	499	-0.0014857
101	729	0.00020109
101	782	0.025078
101	819	-0.022531
101	843	-0.0055475
101	887	0.00079305
101	899	0.0065252
101	921	-0.0037617
102	102	0.74094
102	902	0.15241
102	996	0.098263
103	103	0.79049
104	104	0.78867
105	71	-0.10114
105	105	0.5176
105	406	0.08061
105	521	-0.013058
105	618	-0.0065855
105	742	-0.17329
105	913	0.083853
106	26	3.463e-05
106	43	0.022141
106	53	0.00038495
106	106	0.27217
106	110	-1.1341e-06
106	126	0.0003449
106	133	-5.952e-06
106	140	0.00037704
106	176	0.00017705
106	270	-3.6799e-05
106	279	-0.00044316
106	286	0.0067513
106	340	0.0079576
106	394	-0.0015364
106	395	-0.0019929
106	415	7.0807e-05
106	434	0.00047364
106	438	-9.4259e-07
106	463	-0.0021885
106	504	0.026421
106	506	-0.049015
106	556	-0.00063453
106	594	-0.010275
106	611	-0.00047796
106	617	-9.87e-05
106	636	-0.037302
106	645	-0.00013243
106	646	-0.00043636
106	649	-0.00037548
106	682	-0.0051368
106	706	0.00020521
106	712	-9.3836e-05
106	746	0.00010405
106	764	-0.0018106
106	771	-0.011753
106	801	-0.014052
106	826	-0.00019006
106	827	0.0033576
106	847	0.0041487
106	873	7.9226e-05
106	897	0.0010789
106	918	-0.024199
106	934	-0.0006094
107	42	-0.048061
107	50	-0.001339
107	107	0.888
107	114	0.00052822
107	168	-0.00051069
107	284	0.0004275
107	862	-0.0042907
107	979	-0.00011204
108	6	0.01715
108	37	0.0031616
108	62	-0.060022
108	86	-0.00019622
108	88	-0.00042474
108	108	0.4038
108	109	-0.0038407
108	140	0.0044009
108	157	0.00017587
108	163	-0.061858
108	176	-0.001149
108	183	0.040567
108	230	-0.0024793
108	261	-0.021869
108	313	-0.17506
108	322	0.0060597
108	327	0.00044768
108	334	0.00045483
108	374	0.023138
108	408	-0.0063801
108	434	-0.0030738
108	439	-0.0057239
108	452	0.0018005
108	460	0.0004762
108	467	0.0021828
108	472	-1.6462e-05
108	473	8.578e-05
108	499	-0.0018249
108	577	-0.00048816
108	585	0.018241
108	589	-0.0043933
108	684	0.0074693
108	729	0.000247
108	748	0.033771
108	784	0.00093079
108	819	0.0050652
108	839	-0.097499
108	843	-0.0068141
108	885	-0.0083845
108	899	0.0080151
108	921	-0.0046206
108	944	-0.020432
108	959	-0.0024694
108	963	0.00317
109	4	0.00086513
109	37	0.065149
109	43	-0.0037732
109	49	0.00015644
109	86	0.00011999
109	88	0.00025974
109	95	0.034256
109	108	-0.0038407
109	109	0.55744
109	137	0.021245
109	140	0.006361
109	157	0.0036241
109	176	-0.001928
109	183	0.0087961
109	195	0.00042885
109	215	-0.079934
109	230	0.0015162
109	256	-0.014179
109	261	0.013374
109	279	-1.2246e-05
109	283	0.0094132
109	302	0.0033376
109	322	-0.00086238
109	327	0.009225
109	334	-0.00027814
109	340	0.0002199
109	385	0.0041512
109	394	0.0014904
109	396	0.0072773
109	408	-0.20816
109	423	-0.024185
109	434	-0.0051577
109	439	0.010621
109	452	-0.0011011
109	460	-0.031553
109	463	-0.00030279
109	467	-0.0013348
109	471	0.0014283
109	472	-0.00033922
109	473	-5.2456e-05
109	485	-0.00053814
109	499	0.001116
109	506	-0.0013545
109	515	-0.0016856
109	519	-0.0029611
109	532	-0.024804
109	539	0.011397
109	549	-0.00010797
109	556	-1.7535e-05
109	557	0.00022667
109	562	0.0021915
109	577	0.00029852
109	586	0.0016186
109	589	-0.0067151
109	591	-0.013922
109	601	-0.00017466
109	621	-0.00063603
109	625	0.024885
109	628	-0.0020237
109	636	-0.0010308
109	642	-0.0048388
109	660	0.0012446
109	668	0.0024334
109	680	0.014898
109	684	-0.0055897
109	696	-0.0022756
109	721	0.00023855
109	729	-0.00015105
109	748	-0.020652
109	764	-0.00025049
109	771	0.0020029
109	784	-0.00069657
109	811	0.00012805
109	819	-0.0030975
109	820	-0.014836
109	827	0.00046452
109	843	0.004167
109	845	-0.0054555
109	847	0.00011464
109	885	0.015558
109	899	-0.0049014
109	921	0.0028256
109	930	-0.00098269
109	939	-0.021441
109	944	0.0029078
109	959	0.16362
109	963	-0.0023723
109	984	-0.001897
110	20	3.7988e-06
110	38	0.026016
110	40	0.027913
110	50	0.00072161
110	53	-0.00014148
110	84	-3.8212e-06
110	86	-3.4844e-07
110	88	-7.5427e-07
110	106	-1.1341e-06
110	110	0.32802
110	112	-0.0045585
110	121	8.8972e-06
110	137	0.001505
110	184	-0.00021408
110	230	-4.4029e-06
110	261	-3.8836e-05
110	264	-2.8932e-06
110	270	-0.00084751
110	279	1.8311e-07
110	283	1.7388e-06
110	284	0.0022602
110	308	-0.00050089
110	334	8.077e-07
110	340	1.0197e-08
110	385	7.6682e-07
110	402	-0.0014803
110	433	-2.1204e-06
110	438	0.11329
110	439	-0.013923
110	440	-1.7754e-06
110	447	-0.00011879
110	451	9.7682e-07
110	452	3.1975e-06
110	466	-0.0011899
110	467	-3.8072e-05
110	473	1.5233e-07
110	499	3.1831e-05
110	502	-0.059678
110	516	-3.1768e-08
110	539	2.1052e-06
110	544	8.0585e-07
110	552	-0.004254
110	577	-8.6688e-07
110	583	3.1307e-08
110	584	-0.005775
110	594	-3.0595e-06
110	601	7.8337e-07
110	611	-0.00026953
110	617	-0.0022732
110	621	2.8526e-06
110	628	9.0763e-06
110	646	-3.1335e-06
110	647	0.0091279
110	648	-8.6862e-06
110	653	-0.0019269
110	674	-0.039095
110	680	-0.0021462
110	682	0.00010139
110	696	1.0206e-05
110	699	-0.0040411
110	703	-3.3478e-06
110	706	1.4736e-06
110	712	3.5134e-05
110	729	-4.3082e-06
110	734	0.010816
110	738	-0.00046401
110	748	5.9972e-05
110	749	1.8233e-06
110	750	0.061685
110	759	-9.7773e-07
110	777	-0.17154
110	789	0.001219
110	799	0.15834
110	801	0.0002932
110	806	-0.0013562
110	819	-8.8348e-05
110	826	2.5468e-05
110	834	-0.00036614
110	836	0.011846
110	838	0.00068833
110	843	0.00011885
110	859	-0.0031274
110	861	-0.0018765
110	872	3.0168e-06
110	873	-2.8351e-05
110	885	0.0095045
110	887	0.003093
110	888	-5.613e-07
110	896	3.1258e-07
110	899	-0.0001398
110	918	-0.00016753
110	921	8.0593e-05
110	934	0.00022397
110	960	-0.018055
110	965	2.8404e-06
110	988	-0.14831
111	45	-0.0060408
111	111	0.43243
111	401	-0.053343
111	532	-0.19783
111	625	-0.14073
111	723	0.14997
111	818	0.012447
111	820	0.094712
111	823	0.074478
111	869	-0.0017436
111	880	0.0057071
112	19	-0.068275
112	110	-0.0045585
112	112	0.63025
112	137	-0.1128
112	164	-0.010859
112	176	0.010324
112	255	0.0038387
112	308	0.00092966
112	325	0.0049964
112	336	-0.0034198
112	402	0.0027475
112	432	0.00081368
112	434	-0.0038591
112	438	0.0054847
112	439	-0.0077777
112	447	0.00022049
112	466	0.0022085
112	485	0.031148
112	619	-0.0048213
112	647	-0.016942
112	680	0.16086
112	721	0.070267
112	722	0.036665
112	734	-0.016982
112	789	-0.091364
112	834	0.00067956
112	838	-0.0012776
112	861	0.0034829
112	885	0.0053096
112	887	-0.0057407
112	933	0.017541
112	960	0.03351
113	61	-0.032385
113	113	0.52554
113	135	0.057302
113	444	0.13557
113	516	0.18329
113	554	5.6137e-05
113	658	-0.02415
113	896	0.018628
114	42	0.0011629
114	50	0.12902
114	107	0.00052822
114	114	0.4688
114	168	0.0015025
114	284	-0.041192
114	311	0.0073633
114	862	0.012624
114	979	0.0053409
115	115	0.28082
115	237	0.027216
115	544	-0.017015
115	599	0.22417
115	703	-0.0040957
115	902	0.025234
115	996	-0.039138
116	52	0.00058946
116	69	-0.0024838
116	116	0.77333
116	412	-0.001539
116	529	-0.010855
116	695	-0.024255
116	928	-1.3206e-06
117	117	0.76539
118	2	-0.018833
118	15	-1.0727e-07
118	31	0.015751
118	67	0.00026776
118	78	0.00052583
118	99	2.1177e-05
118	118	0.26693
118	128	-6.7246e-05
118	144	-6.0868e-05
118	155	-0.0025144
118	209	0.001174
118	213	-0.00022368
118	222	-1.3626e-05
118	242	0.0053083
118	248	3.8997e-05
118	277	-1.3301e-06
118	295	0.00075273
118	297	-0.022932
118	347	5.4714e-06
118	355	0.0083969
118	370	-0.0037629
118	418	0.00046768
118	419	0.00020543
118	459	-0.0012591
118	467	-0.028201
118	486	-0.00010398
118	499	0.023578
118	517	0.00054418
118	600	0.00017608
118	604	-0.00032084
118	623	9.5682e-07
118	651	-6.4358e-05
118	652	0.0019638
118	662	-0.11446
118	686	-0.00036856
118	728	-0.0010524
118	729	0.00084856
118	745	-0.013268
118	754	0.0038614
118	756	-0.0010033
118	816	0.0075933
118	834	9.6607e-06
118	838	5.1387e-06
118	842	-0.017432
118	843	-0.02341
118	860	4.8117e-05
118	895	1.6603e-05
118	899	0.027535
118	901	0.011053
118	910	0.00041164
118	921	0.059698
118	940	0.0067768
118	972	-9.4029e-06
118	981	0.020469
119	1	-0.054487
119	5	0.016098
119	119	0.67918
119	156	0.26123
119	180	0.00098688
119	299	-8.4179e-06
119	322	0.083165
119	404	0.019562
119	568	-6.1147e-05
119	627	0.0094883
119	699	-0.010062
119	767	0.041134
119	830	0.012173
119	859	0.013002
119	927	0.0033374
119	935	-0.041547
119	944	0.024665
119	969	0.00088507
119	989	-0.018448
120	2	0.05444
120	24	0.016222
120	31	0.023026
120	67	0.00025564
120	85	0.0083571
120	120	0.23848
120	128	-6.4202e-05
120	190	0.0034527
120	200	0.0014121
120	222	-1.3009e-05
120	355	0.0080169
120	418	0.00044652
120	490	-0.0054919
120	496	-0.17714
120	600	0.00016812
120	604	-0.00030632
120	608	-0.0011445
120	652	0.0018749
120	711	-0.0023547
120	728	-0.0010048
120	754	0.0056449
120	756	-0.0009579
120	816	-0.02195
120	817	-0.0096815
120	834	9.2235e-06
120	838	4.9062e-06
120	842	-0.016644
120	876	0.0070542
120	940	0.0064701
120	972	-8.9774e-06
120	973	-0.0038106
120	974	-0.010638
120	981	0.019543
121	17	0.030417
121	20	-0.0086505
121	53	-0.00302
121	84	0.0087015
121	110	8.8972e-06
121	121	0.37263
121	264	0.0065884
121	270	0.00028869
121	279	0.00095204
121	283	-0.0039596
121	340	5.3019e-05
121	385	-0.0017462
121	433	0.0048285
121	438	7.3948e-06
121	440	-0.009231
121	451	0.0050789
121	516	-0.00016517
121	539	-0.0047939
121	544	-0.039611
121	583	0.00016278
121	601	-0.0017838
121	617	0.00077431
121	621	-0.0064958
121	628	-0.020668
121	646	0.0034233
121	648	-0.045163
121	696	-0.023241
121	703	0.16456
121	706	-0.0016099
121	712	-0.00073792
121	713	0.0083555
121	749	0.0065794
121	759	0.0022264
121	826	-0.032125
121	872	-0.0068696
121	873	-0.0023674
121	888	0.0012782
121	896	0.0016252
121	934	0.0047808
121	965	-0.006468
122	122	0.75662
123	123	0.35522
123	290	-0.052362
123	571	-0.015487
123	572	-0.031773
123	665	0.19925
123	672	-0.031634
124	124	0.69098
124	132	0.088719
124	405	0.058813
124	468	0.060913
124	505	-0.050357
124	747	-0.025268
125	125	0.34242
125	144	0.0050076
125	155	-0.00012122
125	200	0.0051145
125	207	-0.0007534
125	299	-0.046214
125	382	-0.013752
125	495	-0.00068081
125	548	-5.4023e-06
125	568	3.0223e-05
125	573	0.035627
125	608	0.0063102
125	654	-0.0004237
125	937	-0.27304
125	943	1.0255e-05
125	957	0.074859
125	969	-0.00043746
126	2	-0.00020378
126	26	-0.00050891
126	71	-3.4506e-05
126	106	0.0003449
126	126	0.21816
126	131	-0.00063839
126	133	0.0011534
126	138	0.020243
126	140	0.00052308
126	176	0.00024563
126	218	0.0091337
126	252	-0.006901
126	279	6.413e-05
126	286	-0.0039239
126	340	3.5714e-06
126	394	-0.0021316
126	395	-0.0027648
126	415	-0.0010406
126	434	0.0006571
126	451	-4.7803e-05
126	463	-0.0030363
126	501	0.01638
126	516	-1.1126e-05
126	546	0.00018403
126	583	1.0965e-05
126	594	0.00093046
126	614	0.014251
126	618	0.00012628
126	645	-0.00018372
126	649	0.0055181
126	742	1.534e-05
126	746	-0.14615
126	764	-0.0025119
126	801	0.00069096
126	816	-0.00050541
126	827	0.0046581
126	896	0.00010947
126	897	0.0014968
126	905	-0.00017358
126	918	0.0011899
127	90	-0.026257
127	127	0.77333
127	147	-0.01176
127	356	0.023133
127	632	-0.017218
128	2	4.4554e-05
128	24	-6.1564e-05
128	29	-0.0047219
128	31	-3.7263e-05
128	67	1.277e-05
128	118	-6.7246e-05
128	120	-6.4202e-05
128	128	0.46072
