1	1	0.090181
1	16	-5.1233e-06
1	150	0.0037961
1	152	-0.0098637
1	203	-0.0095632
1	419	0.13218
1	440	-0.0001315
1	547	-0.0037103
1	656	0.0074256
1	697	-0.0076952
1	758	-0.013817
1	939	-0.12586
1	958	1.7618e-05
2	2	0.6048
2	79	-0.024918
2	85	3.3378e-05
2	113	0.00054408
2	139	-4.2572e-06
2	171	-0.0013708
2	191	0.04586
2	216	0.17717
2	298	0.050838
2	378	-0.00011007
2	427	-3.5285e-05
2	429	0.2292
2	457	-0.07021
2	478	7.72e-05
2	524	6.3297e-05
2	632	-5.5727e-05
2	651	-0.00014562
2	665	0.00019669
2	679	-4.1591e-05
2	768	-6.7178e-05
2	770	-3.0783e-05
2	818	6.224e-05
2	850	0.0039161
2	934	-0.002022
2	944	-0.00012257
2	972	-0.0080085
2	982	0.21857
2	998	-3.8001e-05
3	3	0.11774
3	28	-0.0026003
3	149	0.010033
3	153	-0.046344
3	156	0.00059809
3	193	0.068065
3	248	-0.021479
3	302	0.072985
3	347	-0.00099153
3	407	0.015551
3	451	0.0058803
3	467	-0.010545
3	496	0.0075593
3	533	0.013029
3	558	0.00046806
3	629	0.031301
3	641	0.073967
3	659	-0.00023106
3	784	-0.03442
3	788	-0.0094965
3	817	-0.024436
3	821	-0.00079022
3	870	0.038895
3	878	0.001519
3	952	-0.0017763
3	966	-0.021133
4	4	0.29672
4	5	-0.10136
4	12	-0.025641
4	85	-0.025525
4	86	-0.00022741
4	133	3.5008e-05
4	135	0.0021615
4	159	0.00031693
4	172	-9.9831e-08
4	206	0.046124
4	207	-0.0019883
4	215	-0.055398
4	283	-0.013912
4	300	-0.0010285
4	320	-1.7988e-07
4	323	-0.020262
4	330	4.776e-08
4	389	-0.00011694
4	394	-0.0028031
4	441	-0.00021845
4	459	0.0028287
4	498	0.00025604
4	522	-0.00594
4	532	3.6578e-05
4	538	-0.00094533
4	540	0.00021737
4	542	-0.036623
4	548	-0.0021719
4	583	-0.0012573
4	634	-6.6045e-05
4	643	-0.0055242
4	670	0.015257
4	686	-0.030255
4	700	0.00024141
4	753	0.15278
4	759	6.3652e-07
4	768	-0.012682
4	769	0.0053887
4	772	0.00019156
4	791	0.037432
4	806	-0.0010311
4	816	0.042337
4	829	0.049536
4	848	-0.0033024
4	874	-0.00050144
4	911	1.9999e-05
4	936	-0.08997
4	938	-0.00031581
4	962	-1.0568e-05
5	4	-0.10136
5	5	0.27552
5	215	0.17428
5	283	-0.046419
5	323	0.071358
5	542	0.11521
5	548	0.0068325
5	670	-0.047996
5	686	0.11802
5	791	0.1249
5	829	-0.19324
5	936	0.22058
6	6	0.92649
6	64	-0.0036472
6	105	0.00013922
6	110	-0.00082974
6	181	-0.18125
6	242	0.0017718
6	248	-0.00010872
6	317	4.0087e-05
6	470	0.0012397
6	500	-3.415e-05
6	561	0.028457
6	623	-0.0056047
6	701	-0.00066379
6	706	-0.066405
6	716	-0.020832
6	735	-5.8728e-05
6	784	6.7844e-05
6	882	0.00040152
6	931	-0.035252
7	7	0.37863
7	66	0.0082452
7	75	0.0029792
7	102	-0.00049083
7	174	0.12564
7	183	0.0046562
7	195	0.0097055
7	230	-0.015142
7	276	0.25007
7	510	0.0068313
7	621	0.0010141
7	734	-0.014363
7	747	0.066412
7	834	-0.089662
8	8	0.43014
8	66	7.0967e-05
8	107	0.19677
8	275	0.0041045
8	290	0.0017813
8	369	-0.0013847
8	377	0.0027625
8	469	0.0047756
8	505	0.0034587
8	510	-8.5657e-05
8	546	-0.0023087
8	567	0.0041793
8	585	-0.0078324
8	611	0.1322
8	623	0.0044664
8	633	0.013982
8	689	0.0027894
8	711	-0.0040039
8	716	-0.0012016
8	790	0.0047965
8	841	-0.0035714
8	933	0.10431
8	946	-0.0039091
9	9	0.093259
9	22	-3.5002e-05
9	52	0.00012925
9	66	0.0014323
9	71	-0.0090409
9	74	0.020453
9	82	0.00016424
9	118	0.00068104
9	119	0.011015
9	121	-0.0033866
9	134	-0.00036245
9	143	0.0018647
9	145	-0.00084752
9	150	0.00015113
9	152	0.00029717
9	158	0.00013598
9	174	0.0014304
9	182	-0.00045193
9	212	-0.00051889
9	241	-0.10719
9	248	-0.00012442
9	260	-0.00079782
9	261	0.0051408
9	263	0.0089396
9	272	0.041135
9	275	0.00045232
9	282	0.00012903
9	311	0.00045149
9	349	0.00059863
9	357	0.0040781
9	381	0.0053988
9	383	0.028297
9	384	-6.691e-05
9	394	-2.6088e-06
9	400	0.0001432
9	423	-0.00022913
9	432	0.021969
9	435	0.00065923
9	453	0.0062396
9	454	7.2378e-05
9	459	-2.5852e-06
9	476	0.010993
9	497	-0.00043771
9	503	-8.8025e-05
9	506	-0.0010993
9	510	-0.0017288
9	533	-0.00073186
9	546	0.00010817
9	568	-5.9449e-05
9	570	0.024389
9	573	-0.00096217
9	576	-0.0010046
9	581	0.014879
9	584	-0.00079576
9	619	4.7741e-05
9	625	-0.00071719
9	626	-2.8733e-05
9	652	-0.0027602
9	655	-0.0016433
9	697	-0.00030636
9	725	0.0042004
9	729	6.8952e-07
9	747	-0.0027061
9	754	-0.00038244
9	778	-0.00010763
9	784	-0.00019939
9	787	-0.00107
9	793	-0.00026262
9	833	0.00043829
9	837	0.00049321
9	840	-0.00033874
9	841	0.00051983
9	843	-0.00037285
9	864	0.0046683
9	868	-0.045247
9	879	0.00061953
9	885	-4.2681e-05
9	905	-0.0017925
9	925	0.00063769
9	926	-0.0013927
9	927	0.17938
9	930	3.8627e-05
9	937	-0.0037655
10	10	0.46934
10	29	0.33917
10	956	-0.31121
11	11	0.95495
12	4	-0.025641
12	12	0.16798
12	85	0.073967
12	215	0.044088
12	283	-0.011743
12	542	0.029146
12	548	0.0017285
12	643	-0.1686
12	670	-0.012142
12	686	-0.043108
12	768	0.036751
12	791	0.031596
12	829	0.07058
13	13	0.82166
13	104	-0.0436
13	115	0.023783
13	139	-0.010812
13	187	-0.027176
13	378	0.11167
13	399	0.034612
13	536	0.085498
13	603	-0.093488
13	770	-0.07818
13	818	0.15807
14	14	0.081595
14	99	0.00037861
14	121	0.00045586
14	190	0.062203
14	349	0.0002024
14	375	0.0063796
14	437	0.0022457
14	443	0.040561
14	474	0.013503
14	502	0.00017966
14	545	-0.0013725
14	547	-0.00022591
14	556	0.00071356
14	573	-0.00032531
14	598	-0.0019341
14	656	-0.0016782
14	660	-0.046538
14	758	-0.00084124
14	793	-8.8793e-05
14	794	-0.00028326
14	902	0.0018664
14	905	-0.00060604
15	15	0.69382
15	703	0.39936
16	1	-5.1233e-06
16	16	0.86828
16	150	-6.4385e-06
16	152	1.6729e-05
16	440	-0.014728
16	697	1.3052e-05
16	939	1.1185e-05
16	958	0.22319
17	17	0.9289
18	18	0.92463
19	19	0.92037
20	20	0.5885
20	339	0.00033493
20	577	-0.43111
20	606	0.0019265
20	945	-0.011911
20	989	0.0018684
21	21	0.91193
22	9	-3.5002e-05
22	22	0.48837
22	35	4.0173e-07
22	54	-0.094984
22	71	0.00014741
22	74	0.00052747
22	82	-0.0095445
22	121	-8.7339e-05
22	145	-2.1857e-05
22	158	0.022394
22	174	3.689e-05
22	214	-9.9424e-06
22	217	-3.6105e-06
22	241	0.00012005
22	259	0.00047197
22	261	0.00013258
22	275	-0.026285
22	282	-0.0074981
22	299	-2.2213e-05
22	309	-7.9284e-05
22	321	0.00030075
22	335	0.00054866
22	349	1.5439e-05
22	357	0.00010517
22	384	-1.7256e-06
22	394	0.031781
22	395	0.00075366
22	400	3.693e-06
22	427	3.3829e-05
22	432	0.00056657
22	453	-0.00010173
22	454	1.8666e-06
22	459	0.031501
22	476	0.00028352
22	479	0.00010532
22	493	0.00034955
22	503	0.049624
22	514	6.1786e-06
22	555	0.00082588
22	568	0.033514
22	570	0.00062897
22	573	-2.4814e-05
22	581	0.00038372
22	583	1.5923e-05
22	584	-2.0522e-05
22	588	1.7808e-06
22	619	1.2312e-06
22	625	-1.8496e-05
22	626	-0.021735
22	632	5.3428e-05
22	646	2.4412e-05
22	652	-7.1185e-05
22	680	-0.0021291
22	692	-3.2377e-05
22	725	0.00010833
22	729	1.7782e-08
22	747	-6.9789e-05
22	778	-2.7758e-06
22	793	-6.7729e-06
22	801	0.0026085
22	809	-0.0016249
22	832	-0.095335
22	841	-0.030208
22	854	-0.0020979
22	880	-0.011772
22	885	-1.1007e-06
22	905	-4.6227e-05
22	918	1.3103e-05
22	923	-6.4648e-05
22	925	-0.037057
22	929	0.17044
22	930	-0.0022446
22	944	-3.4031e-05
22	968	-0.0011088
22	977	0.00020132
22	985	1.9573e-05
22	988	-0.00041299
22	999	7.8122e-05
23	23	0.43415
23	66	0.030371
23	75	-0.040853
23	102	0.0067306
23	150	0.0062864
23	152	0.012361
23	183	-0.063849
23	189	-0.11529
23	311	-0.0097364
23	497	0.0094392
23	510	0.025162
23	551	-0.0038922
23	697	-0.012743
23	900	0.0048421
24	24	0.45388
24	720	0.4313
25	25	0.89527
26	26	0.89115
27	27	0.063683
27	83	-0.0001125
27	128	0.00189
27	248	-0.0021349
27	259	0.00098983
27	309	4.4808e-06
27	317	0.00078718
27	360	-0.0090081
27	395	-0.00061987
27	403	1.0674e-05
27	461	0.00034383
27	479	3.3732e-06
27	500	0.010368
27	600	-0.0025948
27	602	-8.1626e-05
27	624	-0.0026465
27	639	-5.507e-05
27	655	0.0011926
27	676	-0.00056419
27	695	-2.099e-05
27	784	0.0013322
27	873	-0.00045235
27	879	0.0031635
27	943	-0.00029156
27	951	-6.0656e-06
28	3	-0.0026003
28	28	0.47917
28	149	0.10926
28	451	-0.0010299
28	641	0.0013479
28	659	-0.025143
28	788	-0.00017306
28	817	0.0042797
28	870	0.0007088
28	877	-0.026591
28	1000	0.00011706
29	10	0.33917
29	29	0.7246
29	956	0.21541
30	30	0.36266
30	137	0.17706
30	240	-0.07431
30	368	-0.058994
30	408	4.7807e-05
30	420	-6.0574e-05
31	31	0.85331
31	104	-0.089355
31	343	-0.046974
31	399	-0.015849
31	494	-0.034392
31	536	-0.039151
32	32	0.44195
32	132	0.1833
32	212	-0.058942
32	435	-0.078716
32	465	-0.015308
32	754	-0.043442
32	760	0.1736
32	833	-0.052334
32	837	0.056024
33	33	0.13743
33	139	-1.5378e-06
33	171	-0.00049518
33	332	-0.00096812
33	347	-0.0028605
33	378	-3.9758e-05
33	430	-0.0023768
33	454	0.0034157
33	478	-0.0054732
33	524	-0.0044875
33	558	-0.0060597
33	619	-0.0051783
33	651	-5.2602e-05
33	665	7.1049e-05
33	770	-1.1119e-05
33	818	2.2482e-05
34	34	0.16912
34	392	0.020768
34	433	0.00064351
34	501	0.0023883
34	965	0.00055845
34	991	0.077619
35	22	4.0173e-07
35	35	0.20752
35	111	-0.014993
35	113	-6.5605e-07
35	135	0.016614
35	139	-6.9209e-06
35	158	-1.5607e-06
35	171	-0.0022286
35	200	0.005092
35	214	0.01416
35	217	0.004786
35	280	-0.027934
35	298	-6.13e-05
35	299	-0.0025026
35	324	0.012115
35	378	-0.00017894
35	394	-0.00015046
35	427	0.00022309
35	459	0.00015189
35	478	0.0001255
35	502	-1.543e-06
35	503	-1.8406e-06
35	514	-0.00053259
35	524	0.0001029
35	556	-6.1285e-06
35	563	8.8629e-07
35	568	-1.2431e-06
35	571	-2.4228e-05
35	583	0.00067717
35	588	7.5733e-05
35	598	-0.00086024
35	626	3.2978e-07
35	632	0.00035233
35	637	8.1355e-06
35	646	-0.0021043
35	651	-0.00023674
35	658	7.2988e-06
35	660	3.5752e-05
35	665	0.00031977
35	679	-6.7615e-05
35	680	0.0017703
35	685	5.3601e-07
35	692	-0.0057406
35	753	1.5869e-07
35	770	-5.0044e-05
35	794	-1.6417e-05
35	806	0.034828
35	813	-0.00059166
35	816	-5.7267e-07
35	818	0.00010118
35	846	-1.161e-06
35	895	-1.562e-06
35	910	4.4128e-06
35	918	0.0014763
35	934	2.438e-06
35	944	-0.00022423
35	972	9.6564e-06
35	977	0.018754
36	36	0.34359
36	313	0.034587
36	406	0.26021
37	37	0.11354
37	473	0.002827
37	545	-0.0028874
37	902	-0.0021234
38	38	0.84319
39	39	0.80731
39	84	0.031139
39	120	0.039829
39	142	-0.016473
39	223	-0.016846
39	377	0.031488
39	391	-0.062426
39	471	-0.0035869
39	499	-0.015313
39	513	0.017916
39	739	0.058288
39	839	0.0015331
39	887	-0.0067277
39	946	0.022252
40	40	0.1164
40	105	-0.0053878
40	248	0.0042075
40	297	0.0049152
40	317	-0.0015514
40	344	-0.003172
40	463	-0.011711
40	470	0.0063444
40	500	0.0013216
40	559	-0.071978
40	614	-0.0022716
40	735	0.0022727
40	784	-0.0026255
40	882	-0.015538
40	945	0.00068357
40	989	0.0043577
41	41	0.17635
41	90	0.060675
41	234	-0.00022415
41	269	-0.016809
41	379	-0.0080074
41	551	0.007805
41	732	0.0090678
41	900	0.0062738
41	960	-0.22924
42	42	0.51455
42	349	0.016811
42	793	0.038321
42	823	0.31056
43	43	0.82398
44	44	0.82019
45	45	0.81642
46	46	0.19494
46	119	0.00012052
46	160	-0.091453
46	163	0.00072678
46	185	-0.0023047
46	209	-0.15193
46	263	-0.00012597
46	433	-0.00079553
46	515	0.00026474
46	609	0.034811
46	666	0.029578
46	681	0.00039814
46	733	-0.010502
46	840	4.7733e-06
46	842	-0.011747
46	924	0.00048706
46	937	5.306e-05
46	965	0.0009167
46	971	-0.0039208
47	47	0.67189
47	423	-0.26326
47	787	0.056376
48	48	0.8052
49	49	0.06006
49	84	-0.011425
49	89	7.8879e-05
49	98	0.018533
49	204	-0.002818
49	210	0.035926
49	223	0.0061807
49	228	-0.001348
49	246	-0.019923
49	251	-0.0013106
49	284	0.03527
49	314	-0.00098123
49	340	0.05434
49	464	-0.011659
49	513	0.025668
49	516	-0.00085167
49	531	-0.0021854
49	543	-0.00030931
49	726	0.01469
49	862	-0.032822
49	959	-0.0010616
49	967	-0.0014139
50	50	0.72055
50	70	-0.0002863
50	72	0.014978
50	85	-1.7026e-05
50	768	3.4267e-05
50	998	-7.5532e-05
51	51	0.79415
52	9	0.00012925
52	52	0.45713
52	66	2.6938e-05
52	69	0.0035238
52	71	0.00026534
52	103	-0.00033322
52	118	1.2809e-05
52	124	0.00021653
52	131	-0.03085
52	134	0.0054211
52	167	0.00046279
52	190	0.0058755
52	198	1.3435e-05
52	199	-0.011145
52	212	-0.0018991
52	219	-1.9765e-05
52	241	-0.0004433
52	259	8.1815e-05
52	260	0.044812
52	269	-0.001062
52	290	-0.013476
52	294	-0.0012519
52	340	9.1026e-05
52	375	-0.057288
52	377	0.0028942
52	379	-0.00050589
52	383	0.00053219
52	395	0.00013065
52	410	0.0044385
52	423	0.00067482
52	435	0.0024127
52	443	0.0014273
52	446	0.0010261
52	453	-0.00018312
52	484	-0.0040633
52	493	-3.5451e-05
52	510	-3.2514e-05
52	546	2.0344e-06
52	551	-0.0017046
52	580	-0.00010002
52	596	-0.0024937
52	598	5.1612e-05
52	607	-0.0029484
52	637	-1.3732e-05
52	655	-0.0089195
52	660	0.0012419
52	673	0.0018767
52	715	-0.0050239
52	726	-0.00033672
52	727	9.0059e-05
52	736	1.5056e-05
52	741	0.054554
52	753	-8.5726e-05
52	754	-0.0013997
52	764	-0.0019343
52	787	0.0031512
52	816	0.00030936
52	828	-3.604e-07
52	833	0.0016041
52	837	0.0018051
52	844	0.0068899
52	846	-0.0013023
52	857	0.00060178
52	866	-9.7556e-05
52	879	0.0033626
52	895	0.00084483
52	900	-0.0013702
52	908	4.5087e-06
52	910	2.4976e-05
52	946	-0.0040955
52	968	0.00011245
52	975	-6.5407e-06
52	997	4.6504e-05
53	53	0.085246
53	56	-0.012533
53	100	-0.00011059
53	139	5.2644e-07
53	171	0.00016952
53	247	-0.0030588
53	354	-0.036587
53	378	1.3611e-05
53	478	-9.5464e-06
53	512	0.00031799
53	524	-7.8272e-06
53	572	0.0020847
53	651	1.8007e-05
53	661	-0.010314
53	665	-2.4323e-05
53	679	-0.0058455
53	684	-0.071392
53	721	0.010258
53	738	0.051621
53	770	3.8066e-06
53	818	-7.6965e-06
53	942	-0.026686
53	947	0.0019376
53	954	0.002255
54	22	-0.094984
54	54	0.22737
54	259	-0.00031791
54	309	5.3405e-05
54	321	-0.00020258
54	394	-0.0070795
54	395	-0.00050766
54	459	-0.0070154
54	479	-7.0941e-05
54	493	-0.00023545
54	626	0.11698
54	832	0.064216
54	923	4.3546e-05
54	929	-0.11481
54	968	0.00074686
54	988	0.00027818
54	999	-5.2622e-05
55	55	0.33221
55	153	-0.035081
55	174	0.00025346
55	248	0.067437
55	302	0.055247
55	448	-0.0001087
55	496	0.0057221
55	533	-0.040908
55	627	-4.949e-05
55	638	-0.12421
55	652	0.00060143
55	710	0.0094283
55	747	-0.00047949
55	784	0.10807
55	983	-3.1034e-05
56	53	-0.012533
56	56	0.063052
56	83	3.409e-06
56	86	-3.1016e-06
56	100	-0.00019057
56	114	-9.7401e-07
56	133	3.6017e-07
56	139	0.00058934
56	159	-1.9352e-06
56	171	0.0014185
56	247	-0.00076855
56	257	0.02257
56	268	5.0632e-05
56	299	-0.024446
56	378	0.0001139
56	384	0.00033151
56	400	0.00030547
56	454	-0.0003586
56	478	-7.9885e-05
56	512	0.00054797
56	523	0.0026789
56	524	-6.5499e-05
56	532	4.9887e-07
56	572	0.010642
56	591	-5.2426e-06
56	619	-0.00023654
56	634	-9.0076e-07
56	651	0.00015069
56	661	-0.0025915
56	665	-0.00020354
56	679	-0.048916
56	684	0.080033
56	695	-1.6864e-05
56	700	2.4837e-06
56	721	-0.0026966
56	735	0.0014428
56	738	-0.064654
56	752	0.0036043
56	759	6.5487e-09
56	770	-3.2088e-05
56	778	-0.0002296
56	811	-5.5897e-07
56	818	-5.6021e-05
56	830	-0.00022095
56	869	0.014625
56	874	1.5617e-06
56	882	0.00021103
56	885	0.00021147
56	888	-0.066591
56	913	1.6216e-06
56	918	-0.041442
56	942	-0.006705
56	947	-0.0024268
56	951	-4.8733e-06
56	954	-0.0028243
56	962	-1.0873e-07
56	990	0.017493
57	57	0.77248
58	58	0.76893
59	59	0.48717
59	157	-0.00055641
59	458	0.0020948
60	60	0.76187
61	61	0.14669
61	305	-0.022325
61	390	0.16105
61	519	-0.019827
61	664	-0.033585
61	767	0.019864
61	822	-0.02115
61	826	-0.034041
62	62	0.57277
62	308	-0.24511
63	63	0.74664
63	130	-0.030469
64	6	-0.0036472
64	64	0.73058
64	105	-6.3058e-05
64	110	0.00037582
64	181	-0.013033
64	242	-0.00089072
64	248	4.9244e-05
64	317	-1.8157e-05
64	426	-0.00085314
64	470	-0.00056152
64	495	-0.00073704
64	500	1.5468e-05
64	561	-0.009991
64	623	-0.026694
64	701	0.00030065
64	706	-0.0047749
64	716	-0.09922
64	735	2.66e-05
64	784	-3.0729e-05
64	882	-0.00018186
64	931	-0.0025348
65	65	0.30023
65	98	0.048231
65	120	7.1605e-06
65	194	-0.0070592
65	211	-4.0947e-05
65	246	0.044866
65	249	0.00037151
65	377	-6.2619e-06
65	382	-7.5668e-05
65	471	-6.4486e-07
65	653	0.00073394
65	748	0.072628
65	887	-1.2095e-06
65	946	-4.4252e-06
65	984	0.00030114
66	7	0.0082452
66	8	7.0967e-05
66	9	0.0014323
66	23	0.030371
66	52	2.6938e-05
66	66	0.25695
66	71	0.0029404
66	73	1.3341e-05
66	75	0.0592
66	98	8.9585e-06
66	102	-0.0097534
66	107	-7.6172e-05
66	118	0.00049315
66	134	-7.5542e-05
66	150	0.00045787
66	152	0.00090033
66	174	0.004327
66	183	0.092524
66	189	-0.0083969
66	212	-0.00010815
66	230	0.019544
66	241	-0.0049125
66	246	-9.6304e-06
66	260	-0.00016628
66	279	4.811e-05
66	311	-0.00070916
66	315	0.010227
66	356	0.0013523
66	369	7.1724e-05
66	380	0.00033484
66	383	0.015232
66	423	-4.7754e-05
66	427	2.0932e-05
66	435	0.0001374
66	453	-0.0020293
66	464	3.0698e-05
66	497	0.00068751
66	510	0.06536
66	518	6.4524e-05
66	546	0.0034131
66	551	0.0067093
66	611	0.00042958
66	632	-1.3254e-05
66	633	-1.1099e-05
66	655	-0.0003425
66	689	-0.00052072
66	697	-0.00092816
66	711	-0.00013128
66	734	0.018538
66	747	0.0022872
66	754	-7.9707e-05
66	787	-0.000223
66	812	0.00011024
66	833	9.1348e-05
66	837	0.00010279
66	879	0.00012912
66	900	-0.0083468
66	904	2.6699e-05
66	909	-2.9374e-05
66	933	-4.038e-05
67	67	0.29112
67	116	-0.0007726
67	143	4.0079e-05
67	237	0.019092
67	312	-0.0010381
67	331	0.0022419
67	376	9.6963e-05
67	381	0.00011604
67	412	0.0061956
67	422	0.00045993
67	478	0.00037659
67	481	-0.0006043
67	489	9.2839e-05
67	524	-0.00045931
67	542	0.0060261
67	548	-0.10161
67	563	-7.198e-06
67	658	-5.9277e-05
67	685	0.00081908
67	730	0.003756
67	746	0.00033199
67	781	-0.00073874
67	810	-0.027353
67	860	0.0046019
67	864	-0.00015021
67	881	0.29035
67	896	-0.0020667
68	68	0.55313
68	143	9.8247e-05
68	170	0.0021579
68	376	-0.00095142
68	381	0.00028445
68	438	0.090097
68	491	-0.00065615
68	645	0.13261
68	864	-0.00036821
68	891	-0.0018039
68	995	9.9021e-05
69	52	0.0035238
69	69	0.1718
69	134	-0.0098817
69	153	0.018424
69	166	-0.00044372
69	167	0.002617
69	232	0.028323
69	260	-0.021751
69	290	-0.023591
69	302	0.011575
69	362	-3.4311e-05
69	377	0.0050666
69	386	0.00011023
69	410	0.11454
69	423	0.0040935
69	443	0.0080712
69	496	0.0011989
69	511	-0.00028904
69	518	-0.01597
69	596	-0.097741
69	598	0.00029186
69	607	-0.0972
69	660	0.0070225
69	715	-0.16562
69	753	0.00088367
69	787	0.019116
69	816	-0.0031889
69	819	8.2421e-05
69	828	0.003561
69	866	-0.0035019
69	895	0.0012589
69	904	0.038595
69	946	-0.0071695
70	50	-0.0002863
70	70	0.79194
70	72	0.013211
70	85	0.003829
70	768	-0.0077065
70	998	0.016987
71	9	-0.0090409
71	22	0.00014741
71	52	0.00026534
71	66	0.0029404
71	71	0.358
71	74	-0.086133
71	82	-0.00069169
71	118	0.0013981
71	120	0.001824
71	121	0.014262
71	134	-0.00074408
71	145	0.0035692
71	158	-0.00057267
71	174	-0.0060241
71	211	-0.01043
71	212	-0.0010652
71	241	0.031009
71	249	-0.00092666
71	260	-0.0016379
71	261	-0.02165
71	275	-0.0019049
71	282	-0.00054339
71	339	0.00049943
71	349	-0.0025211
71	357	-0.017174
71	366	-0.00092387
71	377	-0.0015951
71	382	-0.019275
71	383	0.058091
71	384	0.00028178
71	394	1.0987e-05
71	400	-0.00060305
71	423	-0.00047037
71	432	-0.092519
71	435	0.0013533
71	453	-0.19084
71	454	-0.00030481
71	459	1.0887e-05
71	471	-0.00016426
71	476	-0.046297
71	503	0.0003707
71	510	-0.003549
71	546	0.00022206
71	568	0.00025036
71	570	-0.10271
71	573	0.0040521
71	581	-0.06266
71	584	0.0033512
71	606	-8.6825e-05
71	619	-0.00020106
71	625	0.0030204
71	626	0.000121
71	652	0.011624
71	653	-0.0018307
71	655	-0.0033736
71	672	0.0002778
71	725	-0.017689
71	729	-2.9038e-06
71	747	0.011396
71	754	-0.00078511
71	778	0.00045327
71	787	-0.0021965
71	792	0.0017734
71	793	0.001106
71	833	0.00089977
71	837	0.0010125
71	841	-0.0021892
71	879	0.0012718
71	885	0.00017975
71	887	-0.0003081
71	905	0.0075487
71	925	-0.0026855
71	930	-0.00016267
71	946	-0.0011272
71	984	-0.00075115
72	50	0.014978
72	70	0.013211
72	72	0.02971
72	85	0.00078563
72	768	-0.0015812
72	998	0.0034853
73	66	1.3341e-05
73	73	0.70734
73	279	-0.036853
73	380	0.0051819
73	427	-0.016034
73	510	-1.6102e-05
73	518	-0.049427
73	546	-0.00043399
73	632	0.010153
73	689	0.00052435
73	711	0.00061611
73	812	0.0026788
73	904	-0.020452
74	9	0.020453
74	22	0.00052747
74	71	-0.086133
74	74	0.19387
74	121	-0.016621
74	145	-0.0051743
74	158	-0.0020492
74	241	-0.070149
74	261	-0.021694
74	349	0.0029381
74	357	0.024898
74	384	0.00028236
74	394	3.9314e-05
74	400	-0.00060427
74	432	0.13412
74	453	0.059445
74	454	-0.00030543
74	459	3.8958e-05
74	476	0.067117
74	503	0.0013265
74	568	0.00089589
74	570	-0.10292
74	573	-0.0047223
74	581	0.090838
74	584	0.003358
74	619	-0.00020147
74	625	0.0030265
74	626	0.000433
74	725	0.025644
74	729	-2.9097e-06
74	778	0.0004542
74	793	-0.0012889
74	885	0.00018011
74	905	-0.0087974
75	7	0.0029792
75	23	-0.040853
75	66	0.0592
75	75	0.53636
75	102	0.00507
75	150	-0.0006159
75	152	-0.0012111
75	174	0.0015634
75	183	-0.2729
75	189	0.011295
75	230	0.0070617
75	311	0.00095392
75	497	-0.00092479
75	510	0.049048
75	541	0.00992
75	551	-0.009025
75	697	0.0012485
75	734	0.0066983
75	747	0.00082643
75	900	0.011228
75	947	-0.0038621
75	954	0.0033186
76	76	0.7077
77	77	0.06
77	184	0.0088472
77	257	0.0002421
77	299	-0.00026224
77	411	0.01226
77	557	-0.020658
77	690	-6.6358e-05
77	741	-0.0051044
77	814	-0.033124
77	844	0.040417
77	918	-0.00044455
77	970	0.00017947
77	990	-0.0017319
78	78	0.15037
78	114	-0.003825
78	133	-0.00012942
78	135	-0.00019851
78	145	0.0023653
78	159	0.00069541
78	227	9.0674e-06
78	248	0.017014
78	287	-0.02976
78	317	0.064112
78	324	0.0014686
78	326	9.0318e-05
78	362	-0.0019736
78	372	-5.7628e-06
78	386	-0.00061434
78	581	0.003444
78	593	0.00010724
78	631	-0.096121
78	700	-0.00089249
78	704	-0.0014236
78	707	0.0029254
78	725	-0.011722
78	759	-2.3532e-06
78	784	-0.010617
78	806	-0.00041615
78	811	0.00020087
78	907	-0.20811
78	962	3.907e-05
79	2	-0.024918
79	79	0.35578
79	113	0.00090003
79	139	-7.0423e-06
79	171	-0.0022677
79	216	0.052317
79	298	0.084098
79	378	-0.00018207
79	427	-5.8369e-05
79	457	0.23532
79	478	0.0001277
79	524	0.00010471
79	632	-9.2185e-05
79	651	-0.00024089
79	665	0.00032537
79	679	-6.88e-05
79	770	-5.0922e-05
79	818	0.00010296
79	934	-0.0033447
79	944	-0.00020275
79	972	-0.013248
79	982	-0.0091962
80	80	0.69477
81	81	0.65481
81	116	-0.013341
81	143	-0.0087829
81	376	-0.021249
81	381	-0.025429
81	864	0.032916
82	9	0.00016424
82	22	-0.0095445
82	71	-0.00069169
82	82	0.28771
82	158	0.03708
82	241	-0.00056333
82	275	0.013559
82	282	-0.012064
82	394	-0.00071139
82	453	0.00047737
82	459	-0.00070495
82	503	-0.024003
82	568	-0.016211
82	626	-0.0078351
82	841	0.015583
82	925	-0.059621
82	930	-0.0036114
83	27	-0.0001125
83	56	3.409e-06
83	83	0.10913
83	86	0.019172
83	100	-5.0761e-05
83	114	0.0051105
83	133	-0.0018897
83	139	3.815e-07
83	159	0.010154
83	171	-4.6109e-08
83	259	0.0012199
83	268	8.4e-06
83	309	0.00057458
83	360	0.0012529
83	378	-3.7021e-09
83	384	6.0058e-05
83	395	-0.00076393
83	400	5.5341e-05
83	403	0.0013687
83	454	-6.4966e-05
83	461	0.031525
83	478	2.5966e-09
83	479	0.00043254
83	512	0.00014596
83	524	2.129e-09
83	532	-0.0030837
83	591	0.027507
83	600	0.00057627
83	619	-4.2852e-05
83	634	0.0055679
83	651	-4.898e-09
83	665	6.6158e-09
83	679	1.59e-06
83	695	0.00068694
83	700	-0.013031
83	759	-3.436e-05
83	770	2.7586e-06
83	778	-4.1596e-05
83	811	0.0029329
83	818	1.3931e-06
83	830	-3.6657e-05
83	874	-0.0096532
83	885	3.831e-05
83	913	-0.0085082
83	951	0.00019851
83	962	0.00057047
84	39	0.031139
84	49	-0.011425
84	84	0.23541
84	89	-0.00070948
84	98	0.0063061
84	120	-0.038748
84	142	0.0036893
84	210	0.012224
84	223	0.060231
84	246	-0.006779
84	251	0.011789
84	284	-0.020956
84	292	0.0043492
84	314	-6.3626e-05
84	377	-0.030633
84	391	0.060731
84	462	0.0018534
84	464	-0.003967
84	471	0.0034896
84	499	0.014897
84	513	-0.20812
84	516	-0.00028979
84	543	-0.00010525
84	739	-0.056706
84	807	0.028117
84	839	-0.00034336
84	862	-0.011168
84	887	0.0065451
84	946	-0.021648
84	967	-9.1683e-05
85	2	3.3378e-05
85	4	-0.025525
85	12	0.073967
85	50	-1.7026e-05
85	70	0.003829
85	72	0.00078563
85	85	0.14529
85	86	-0.0011134
85	133	0.00017139
85	135	0.010582
85	159	0.0015516
85	175	0.0026521
85	191	1.0454e-06
85	215	0.043889
85	279	0.0072766
85	283	-0.01169
85	300	-0.005035
85	394	-0.013723
85	427	0.0031659
85	429	5.2249e-06
85	441	-0.0010695
85	459	0.013849
85	518	-0.0058609
85	522	-0.02908
85	532	0.00017908
85	542	0.029015
85	548	0.0017207
85	583	-0.0061554
85	628	0.002913
85	632	-0.0020046
85	634	-0.00032334
85	643	0.015936
85	670	-0.012087
85	686	-0.042914
85	700	0.0011819
85	759	3.1162e-06
85	768	-0.016171
85	791	0.031454
85	806	-0.0050479
85	829	0.070262
85	848	-0.016168
85	850	-0.00046347
85	874	-0.0024549
85	904	-0.0024251
85	962	-5.1738e-05
85	982	-9.0439e-05
85	998	0.12518
86	4	-0.00022741
86	56	-3.1016e-06
86	83	0.019172
86	85	-0.0011134
86	86	0.5868
86	100	4.6183e-05
86	114	-0.0046496
86	133	0.0015124
86	135	-0.010428
86	139	-3.471e-07
86	159	-0.011111
86	171	4.1951e-08
86	215	0.00039103
86	268	-7.6425e-06
86	283	-0.00010415
86	300	-0.033981
86	378	3.3683e-09
86	384	-5.4642e-05
86	394	0.004364
86	400	-5.035e-05
86	441	0.0012911
86	454	5.9108e-05
86	459	-0.0044038
86	478	-2.3625e-09
86	512	-0.0001328
86	522	0.016083
86	524	-1.937e-09
86	532	0.014319
86	542	0.0002585
86	548	1.533e-05
86	583	0.0019574
86	591	-0.025027
86	619	3.8988e-05
86	634	-0.025854
86	651	4.4563e-09
86	665	-6.0192e-09
86	670	-0.00010769
86	679	-1.4466e-06
86	686	-0.00038234
86	695	-0.09484
86	700	0.010429
86	759	2.7499e-05
86	768	-0.00055317
86	770	-2.5098e-06
86	778	3.7845e-05
86	791	0.00028024
86	806	0.0049744
86	811	-0.0026684
86	818	-1.2674e-06
86	829	0.00062599
86	830	3.3351e-05
86	874	-0.16774
86	885	-3.4855e-05
86	913	0.007741
86	951	-0.027407
86	962	-0.00045657
87	87	0.58097
87	112	-0.14245
87	702	0.17142
88	88	0.60077
88	94	0.03343
88	798	0.1962
89	49	7.8879e-05
89	84	-0.00070948
89	89	0.66528
89	98	-4.3538e-05
89	210	-8.4397e-05
89	223	0.00038382
89	246	4.6803e-05
89	251	0.020881
89	284	0.00014469
89	314	4.3929e-07
89	464	2.7389e-05
89	513	0.001594
89	516	2.0008e-06
89	543	7.2663e-07
89	862	7.7105e-05
89	967	6.3299e-07
90	41	0.060675
90	90	0.060503
90	269	-0.007232
90	379	-0.0034451
90	551	0.003358
90	732	-0.0033284
90	900	0.0026992
90	960	-0.09863
91	91	0.59658
91	436	-0.16598
91	444	0.069607
91	480	0.010073
91	535	-5.5749e-05
91	851	-0.0060402
91	899	-0.012425
92	92	0.65738
93	93	0.063962
93	107	0.0010942
93	481	0.16596
93	881	0.00034542
93	933	-0.0020641
94	88	0.03343
94	94	0.63563
94	798	-0.092251
95	95	0.64835
96	96	0.62779
96	222	0.068482
97	97	0.19056
97	163	-0.0018286
97	385	0.031367
97	566	0.094507
97	609	0.007909
97	639	-0.034349
97	733	0.026423
97	943	0.0064878
97	971	-0.00089078
98	49	0.018533
98	65	0.048231
98	66	8.9585e-06
98	84	0.0063061
98	89	-4.3538e-05
98	98	0.16496
98	118	-0.0074
98	120	-1.5015e-05
98	194	0.020217
98	210	-0.042458
98	211	8.5865e-05
98	223	-0.0034115
98	246	-0.031816
98	249	-0.00077904
98	251	0.00072343
98	284	0.033995
98	314	0.00010321
98	377	1.3131e-05
98	382	0.00015867
98	383	0.00017699
98	464	0.029697
98	471	1.3523e-06
98	510	-1.0813e-05
98	513	-0.014168
98	516	-0.0011195
98	543	-0.00040659
98	546	6.7656e-07
98	653	-0.0015391
98	690	-0.0057806
98	748	-0.1523
98	862	-0.043144
98	887	2.5363e-06
98	909	0.079869
98	946	9.2796e-06
98	967	0.00014873
98	970	-0.0021373
98	984	-0.00063148
99	14	0.00037861
99	99	0.4594
99	105	-0.24926
99	248	-0.02052
99	317	0.007566
99	443	0.00045628
99	474	-0.002495
99	500	-0.0064453
99	547	0.0088921
99	598	-2.1757e-05
99	656	0.066054
99	660	-0.00052351
99	735	-0.011084
99	758	0.033112
99	784	0.012805
99	882	0.075782
100	53	-0.00011059
100	56	-0.00019057
100	83	-5.0761e-05
100	86	4.6183e-05
100	100	0.5724
100	114	1.4503e-05
100	133	-5.3629e-06
100	139	-3.4245e-05
100	159	2.8816e-05
100	171	2.5775e-06
100	247	-6.7813e-06
100	268	-0.00075391
100	378	2.0695e-07
100	384	-0.0049362
100	400	-0.0045485
100	454	0.0053396
100	478	-1.4515e-07
100	512	0.17593
100	524	-1.1901e-07
100	532	-7.4283e-06
100	572	9.3903e-05
100	591	7.8063e-05
100	619	0.0035221
100	634	1.3412e-05
100	651	2.738e-07
100	661	-2.2866e-05
100	665	-3.6983e-07
100	679	-8.888e-05
100	684	0.00070617
100	695	0.0002511
100	700	-3.6982e-05
100	721	-2.3793e-05
100	738	-0.00057048
100	759	-9.7511e-08
100	770	-0.00024762
100	778	0.0034188
100	811	8.3232e-06
100	818	-0.00012496
100	830	0.00329
100	874	-2.3253e-05
100	885	-0.0031488
100	913	-2.4146e-05
100	942	-5.9162e-05
100	947	-2.1413e-05
100	951	7.2563e-05
100	954	-2.492e-05
100	962	1.6189e-06
101	101	0.63067
102	7	-0.00049083
102	23	0.0067306
102	66	-0.0097534
102	75	0.00507
102	102	0.21495
102	150	0.00010147
102	152	0.00019953
102	174	-0.00025758
102	183	0.007924
102	189	-0.0018609
102	230	-0.0011634
102	311	-0.00015716
102	497	0.00015236
102	510	-0.0080808
102	541	0.20729
102	551	0.0014869
102	697	-0.0002057
102	734	-0.0011036
102	747	-0.00013616
102	900	-0.0018498
102	947	-0.080702
102	954	0.069346
103	52	-0.00033322
103	103	0.10801
103	134	-0.0046464
103	260	0.0020569
103	446	0.0045674
103	484	0.024021
103	673	-0.017957
103	857	-0.0057581
103	997	-0.013658
104	13	-0.0436
104	31	-0.089355
104	104	0.16679
104	115	-0.0045006
104	139	-0.0039819
104	187	0.0029949
104	343	0.01138
104	378	0.041126
104	399	-0.043981
104	494	0.0083322
104	536	-0.10864
104	603	-0.034431
104	770	-0.028793
104	818	0.058216
105	6	0.00013922
105	40	-0.0053878
105	64	-6.3058e-05
105	99	-0.24926
105	105	0.24355
105	110	0.023351
105	181	0.0004975
105	242	3.0634e-05
105	248	-0.037027
105	297	-0.049575
105	317	0.013652
105	470	-0.047832
105	500	-0.01163
105	547	-0.0059636
105	561	0.00049201
105	614	0.022534
105	623	-9.6902e-05
105	656	-0.0443
105	701	0.018681
105	706	0.00018227
105	716	-0.00036018
105	735	-0.02
105	758	-0.022207
105	784	0.023105
105	882	0.13674
105	931	9.6759e-05
105	945	-0.0067809
105	989	-0.043227
106	106	0.6163
107	8	0.19677
107	66	-7.6172e-05
107	93	0.0010942
107	107	0.2707
107	275	-0.0044055
107	290	-0.0019119
107	369	0.0014862
107	377	-0.0029651
107	469	-0.0051258
107	481	0.0036072
107	505	-0.0037124
107	510	9.1938e-05
107	546	0.002478
107	567	-0.0044858
107	585	0.0084068
107	611	-0.14189
107	623	-0.004794
107	633	-0.015008
107	689	-0.0029939
107	711	0.0042976
107	716	0.0012898
107	790	-0.0051483
107	841	0.0038333
107	881	7.5075e-06
107	933	0.13622
107	946	0.0041958
108	108	0.4225
108	135	0.017487
108	145	0.011689
108	179	-0.0027211
108	227	-0.00079874
108	324	-0.12937
108	326	-0.0079561
108	362	0.17385
108	372	0.00050764
108	386	0.054117
108	581	0.01702
108	593	-0.0094469
108	704	0.1254
108	725	-0.057931
108	806	0.036659
109	109	0.60783
110	6	-0.00082974
110	64	0.00037582
110	105	0.023351
110	110	0.41098
110	180	-0.015643
110	181	-0.0029651
110	242	-0.00018257
110	248	-0.018236
110	317	0.0067238
110	470	0.20794
110	500	-0.0057278
110	561	-0.0029323
110	623	0.00057752
110	635	0.0045683
110	701	-0.025096
110	706	-0.0010863
110	716	0.0021466
110	735	-0.0098503
110	784	0.011379
110	882	0.067346
110	931	-0.00057667
111	35	-0.014993
111	111	0.22529
111	113	5.9951e-08
111	135	-0.0015182
111	139	6.3245e-07
111	171	0.00020366
111	217	-0.0016682
111	280	-0.095111
111	298	5.6018e-06
111	324	-0.0011071
111	378	1.6352e-05
111	427	-3.888e-09
111	478	-1.1469e-05
111	502	-3.8229e-06
111	524	-9.4035e-06
111	556	-1.5184e-05
111	563	2.1958e-06
111	571	-6.0027e-05
111	598	7.8611e-05
111	632	-6.1404e-09
111	637	2.0156e-05
111	651	2.1634e-05
111	658	1.8083e-05
111	660	-3.2671e-06
111	665	-2.9221e-05
111	679	6.1788e-06
111	680	0.0043934
111	685	1.328e-06
111	753	3.9317e-07
111	770	4.5732e-06
111	794	-4.0675e-05
111	806	-0.0031827
111	813	5.4068e-05
111	816	-1.4188e-06
111	818	-9.2465e-06
111	846	-2.8764e-06
111	895	-3.87e-06
111	910	1.0933e-05
111	934	-2.2279e-07
111	944	-1.3505e-08
111	972	-8.8243e-07
111	977	0.046463
112	87	-0.14245
112	112	0.064346
112	271	0.017319
112	401	-0.010019
112	491	-5.4382e-05
112	702	-0.055589
112	979	-0.0431
112	995	-0.00036035
113	2	0.00054408
113	35	-6.5605e-07
113	79	0.00090003
113	111	5.9951e-08
113	113	0.5582
113	135	1.0008e-06
113	139	3.4279e-07
113	171	0.00011038
113	216	-0.0011423
113	217	-7.2996e-08
113	280	1.117e-07
113	298	0.0014366
113	324	7.2979e-07
113	378	8.8626e-06
113	427	-0.035361
113	478	-6.2161e-06
113	524	-5.0966e-06
113	598	3.1172e-05
113	632	-0.055847
113	651	1.1726e-05
113	660	-1.2955e-06
113	665	-1.5838e-05
113	679	3.3489e-06
113	770	2.4786e-06
113	806	2.0981e-06
113	813	2.1439e-05
113	818	-5.0116e-06
113	934	-2.2172e-05
113	944	-0.12283
113	972	0.039338
113	982	0.0002008
114	56	-9.7401e-07
114	78	-0.003825
114	83	0.0051105
114	86	-0.0046496
114	100	1.4503e-05
114	114	0.20877
114	133	0.0017964
114	135	0.001154
114	139	-1.09e-07
114	145	-0.013749
114	159	-0.0096522
114	171	1.3174e-08
114	227	-5.2708e-05
114	268	-2.4e-06
114	287	0.017601
114	324	-0.0085371
114	326	-0.00052501
114	362	0.011472
114	372	3.3499e-05
114	378	1.0578e-09
114	384	-1.716e-05
114	386	0.0035711
114	400	-1.5812e-05
114	454	1.8562e-05
114	478	-7.4189e-10
114	512	-4.1704e-05
114	524	-6.0828e-10
114	532	0.00074786
114	581	-0.02002
114	591	0.063509
114	593	-0.00062339
114	619	1.2244e-05
114	634	-0.0013503
114	651	1.3994e-09
114	665	-1.8902e-09
114	679	-4.5428e-07
114	695	-0.02528
114	700	0.012388
114	704	0.0082753
114	707	-0.00099764
114	725	0.068142
114	759	3.2663e-05
114	770	-7.8816e-07
114	778	1.1885e-05
114	806	0.0024191
114	811	-0.002788
114	818	-3.9802e-07
114	830	1.0473e-05
114	874	0.0023411
114	885	-1.0946e-05
114	913	-0.019644
114	951	-0.0073055
114	962	-0.00054229
115	13	0.023783
115	104	-0.0045006
115	115	0.59371
115	139	-0.0011161
115	187	-0.0028052
115	378	0.011527
115	399	0.0035728
115	536	0.0088255
115	603	-0.0096502
115	770	-0.00807
115	818	0.016317
116	67	-0.0007726
116	81	-0.013341
116	116	0.2101
116	143	0.021538
116	237	-0.00010466
116	312	-0.0001681
116	376	0.052108
116	381	0.06236
116	412	-3.3964e-05
116	481	-1.207e-06
116	563	-1.1655e-06
116	658	-9.5983e-06
116	685	0.00013263
116	730	0.0024764
116	781	-0.00048706
116	860	0.0030341
116	864	-0.080721
116	881	0.00057992
116	896	-0.00033464
117	117	0.048623
117	163	0.007311
117	468	8.4523e-05
117	647	0.0086159
117	733	0.00050595
117	832	0.00079911
117	876	-0.00094573
117	929	0.00044698
118	9	0.00068104
118	52	1.2809e-05
118	66	0.00049315
118	71	0.0013981
118	98	-0.0074
118	118	0.07212
118	134	-3.5919e-05
118	212	-5.1422e-05
118	241	-0.0023358
118	246	0.0079549
118	260	-7.9065e-05
118	383	0.0097426
118	423	-2.2706e-05
118	435	6.533e-05
118	453	-0.00096491
118	464	-0.025357
118	510	-0.00059522
118	546	3.7243e-05
118	655	-0.00016285
118	754	-3.79e-05
118	787	-0.00010603
118	833	4.3435e-05
118	837	4.8877e-05
118	879	6.1396e-05
118	909	0.024264
119	9	0.011015
119	46	0.00012052
119	119	0.036967
119	143	0.0025012
119	150	0.00020272
119	152	0.00039861
119	163	-1.1475e-05
119	182	-0.00060619
119	241	0.0032117
119	248	0.00049692
119	263	0.0034294
119	272	0.055177
119	290	-0.0016108
119	311	0.00060561
119	355	-0.001608
119	377	-0.0024981
119	381	0.0072416
119	497	-0.00058712
119	506	-0.0014746
119	515	-0.001357
119	533	0.0029229
119	567	0.0024358
119	573	-0.00069016
119	576	-0.0013475
119	609	-0.00054963
119	681	-0.0020407
119	697	-0.00041094
119	724	-0.0073992
119	733	0.00016581
119	783	-0.0013574
119	784	0.00079633
119	790	0.0027955
119	840	-0.00012995
119	842	2.4395e-06
119	843	-0.00050012
119	858	0.00417
119	864	0.0062617
119	868	-0.060692
119	905	0.00037047
119	924	-0.0024966
119	926	-0.0041315
119	927	-0.0023773
119	937	-0.0014445
119	946	0.0035349
119	971	6.1904e-05
120	39	0.039829
120	65	7.1605e-06
120	71	0.001824
120	84	-0.038748
120	98	-1.5015e-05
120	120	0.27271
120	142	0.020498
120	194	2.1977e-06
120	211	0.055081
120	223	0.020962
120	246	-1.3968e-05
120	249	0.00028806
120	254	0.0086132
120	339	-6.6284e-05
120	366	-9.4277e-05
120	377	-0.071228
120	382	-0.0043207
120	391	-0.13351
120	453	0.0026429
120	471	-0.013103
120	499	-0.019487
120	513	-0.022295
120	547	0.00050051
120	606	1.1523e-05
120	653	0.00056909
120	672	-3.687e-05
120	739	0.074176
120	748	-7.6411e-05
120	758	-0.00013441
120	792	0.00018096
120	839	-0.0019077
120	887	0.050324
120	946	-0.050336
120	953	-0.0060281
120	984	0.0002335
121	9	-0.0033866
121	14	0.00045586
121	22	-8.7339e-05
121	71	0.014262
121	74	-0.016621
121	121	0.27913
121	145	0.00068875
121	158	0.00033931
121	174	0.049054
121	190	0.0056563
121	241	0.011615
121	261	-0.0041778
121	349	-0.035266
121	357	-0.0033142
121	375	0.00058011
121	384	5.4376e-05
121	394	-6.5098e-06
121	400	-0.00011637
121	432	-0.017853
121	437	0.011273
121	443	0.00054937
121	453	-0.0098431
121	454	-5.882e-05
121	459	-6.4508e-06
121	474	0.00030212
121	476	-0.0089341
121	502	1.6337e-05
121	503	-0.00021965
121	545	-0.00012481
121	556	6.4886e-05
121	568	-0.00014834
121	570	-0.01982
121	573	0.056683
121	581	-0.012092
121	584	0.00064669
121	598	-2.6196e-05
121	619	-3.8798e-05
121	625	0.00058284
121	626	-7.1697e-05
121	652	-0.094656
121	660	-0.00063032
121	725	-0.0034135
121	729	-5.6035e-07
121	747	-0.092799
121	778	8.7469e-05
121	793	0.015471
121	794	-2.5757e-05
121	885	3.4686e-05
121	902	0.00016972
121	905	0.1056
122	122	0.49821
122	197	-0.083137
123	123	0.33229
123	616	0.25493
124	52	0.00021653
124	124	0.11419
124	134	-0.00060722
124	260	-0.0013366
124	285	-0.0035438
124	423	-0.00038386
124	436	-6.8813e-05
124	444	-0.00015817
124	451	-1.7487e-05
124	535	0.0073856
124	580	0.20834
124	637	-1.6815e-05
124	655	0.001769
124	736	-0.0024983
124	753	-0.00010508
124	787	-0.0017925
124	816	0.00037921
124	817	-4.2079e-06
124	831	-2.2784e-05
124	846	-0.0015946
124	879	-0.00066693
124	895	0.0010343
124	910	3.0583e-05
125	125	0.56461
126	126	0.56091
126	172	0.0040881
126	330	0.0085451
126	365	0.014627
127	127	0.47466
127	133	-5.2887e-06
127	159	2.8417e-05
127	700	-3.647e-05
127	759	-9.6162e-08
127	811	-0.00026415
127	824	-0.064407
127	853	-0.18476
127	962	1.5966e-06
128	27	0.00189
128	128	0.26221
128	248	-0.022766
128	317	0.0083942
128	360	0.0046223
128	500	0.11056
128	502	0.20252
128	556	-0.050991
128	600	-0.009681
128	624	-0.028221
128	655	-0.025342
128	784	0.014206
128	879	-0.06722
129	129	0.55145
129	253	0.026067
130	63	-0.030469
130	130	0.55651
131	52	-0.03085
131	131	0.59626
131	190	0.0013391
131	260	-0.0049977
131	294	0.0056369
131	375	-0.013057
131	741	-0.24564
131	844	-0.031023
132	32	0.1833
132	132	0.14611
132	139	-1.2758e-07
132	204	0.00045273
132	212	-0.036995
132	235	-0.00045109
132	238	-2.8158e-06
132	264	0.00038007
132	305	-2.4932e-06
132	342	3.7881e-05
132	378	-3.2985e-06
132	389	5.9435e-06
132	435	-0.049406
132	447	3.3979e-06
132	465	0.00037254
132	514	-3.4825e-05
132	520	0.0056816
132	531	-0.00083802
132	534	0.0066797
132	540	-9.2142e-05
132	549	-6.1374e-05
132	560	-0.0013666
132	601	-7.3272e-05
132	605	-0.00018173
132	642	-0.00012113
132	646	8.814e-06
132	651	3.4891e-06
132	709	0.0019194
132	730	-0.0042518
132	754	-0.027266
132	760	-0.074891
132	767	-2.8021e-06
132	769	1.2898e-07
132	770	-9.225e-07
132	781	0.00083625
132	818	1.8652e-06
132	833	-0.032847
132	837	0.035163
132	847	2.9542e-06
132	860	0.0036046
132	938	-6.342e-05
132	959	0.00052333
132	993	0.00019839
132	994	-0.0016544
133	4	3.5008e-05
133	56	3.6017e-07
133	78	-0.00012942
133	83	-0.0018897
133	85	0.00017139
133	86	0.0015124
133	100	-5.3629e-06
133	114	0.0017964
133	127	-5.2887e-06
133	133	0.042432
133	135	0.0020056
133	139	4.0306e-08
133	145	-0.00046523
133	159	0.005135
133	167	0.00014582
133	171	-4.8714e-09
133	215	-6.0194e-05
133	227	-1.7835e-06
133	268	8.8747e-07
133	283	1.6033e-05
133	287	0.00059556
133	300	-0.00093573
133	324	-0.00028887
133	326	-1.7765e-05
133	362	0.00038819
133	372	1.1335e-06
133	378	-3.9113e-10
133	384	6.3452e-06
133	386	0.00012084
133	394	-0.00067177
133	400	5.8468e-06
133	441	0.014987
133	443	-2.6889e-05
133	454	-6.8637e-06
133	455	-0.00053248
133	459	0.00067791
133	478	2.7433e-10
133	512	1.5421e-05
133	522	-0.0054044
133	524	2.2493e-10
133	532	-0.00024326
133	542	-3.9793e-05
133	548	-2.3599e-06
133	581	-0.00067741
133	583	-0.00030132
133	591	-0.023484
133	593	-2.1093e-05
133	598	-9.7234e-07
133	619	-4.5274e-06
133	634	0.00043923
133	651	-5.1748e-10
133	660	-2.3396e-05
133	665	6.9897e-10
133	669	-0.000877
133	670	1.6577e-05
133	679	1.6798e-07
133	686	5.8856e-05
133	695	0.0093481
133	700	0.020368
133	704	0.00028001
133	707	-3.3757e-05
133	723	-0.0010916
133	725	0.0023057
133	759	0.00021927
133	768	8.5154e-05
133	770	2.9144e-07
133	778	-4.3947e-06
133	791	-4.3139e-05
133	806	-0.00085627
133	811	-0.0026635
133	818	1.4718e-07
133	824	-4.0183e-06
133	829	-9.6363e-05
133	830	-3.8728e-06
133	853	-1.1527e-05
133	874	-0.0013219
133	885	4.0475e-06
133	913	0.0072638
133	951	0.0027014
133	962	-0.0036406
134	9	-0.00036245
134	52	0.0054211
134	66	-7.5542e-05
134	69	-0.0098817
134	71	-0.00074408
