1	1	0.34465
1	41	0.05411
1	330	0.051465
1	505	0.12867
1	904	0.28468
1	940	0.28873
2	2	0.48753
2	5	-7.5836e-05
2	34	0.0073249
2	42	0.00059615
2	44	0.13515
2	45	-0.00067824
2	58	-0.0011613
2	59	0.0011538
2	61	-0.1138
2	75	0.0039934
2	103	-2.8063e-06
2	118	-0.0001098
2	120	-0.027262
2	125	0.00013043
2	145	-0.00014972
2	147	0.0030324
2	149	-0.0097973
2	158	-3.2893e-05
2	159	-0.0037895
2	161	0.01979
2	167	-0.00093374
2	173	3.2606e-05
2	224	-0.0023884
2	231	0.00035842
2	237	-1.2419e-06
2	256	-0.0055181
2	286	-0.00010575
2	296	0.001266
2	334	-0.0013584
2	371	0.00030351
2	422	-2.3072e-06
2	463	-2.6001e-06
2	547	0.00017135
2	556	0.0014526
2	591	-1.9916e-05
2	631	-0.00028028
2	652	-0.0020672
2	660	7.7742e-06
2	664	5.357e-05
2	666	0.00053022
2	670	0.0015605
2	709	0.0001048
2	747	-0.00026007
2	788	-9.8734e-05
2	803	0.0016967
2	825	1.5994e-05
2	894	-0.00051198
2	908	0.001106
2	934	-0.15092
2	941	-0.069051
2	955	0.00097717
2	973	0.015507
3	3	0.42201
3	249	0.048385
3	677	-0.36636
4	4	0.28258
4	26	-0.022834
4	57	0.0032442
4	143	-3.7031e-07
4	208	-0.0031252
4	343	-0.0004684
4	359	0.06602
4	388	0.00017836
4	396	0.0035745
4	435	0.0018529
4	438	-0.0022109
4	441	-0.013869
4	465	0.1236
4	503	-0.0051579
4	515	0.00049716
4	524	-0.015787
4	531	3.5517e-06
4	535	0.0033572
4	567	0.41144
4	568	-1.6749e-06
4	655	1.3887e-07
4	687	0.014878
4	710	-0.0022654
4	773	0.0038104
4	795	-2.0886e-05
4	860	-0.0019964
4	889	-1.1381e-05
4	956	0.0011729
5	2	-7.5836e-05
5	5	0.83733
5	34	-0.00054247
5	42	0.0003852
5	45	-0.00043825
5	58	-0.00075035
5	59	0.00074554
5	75	0.0025803
5	103	-4.4447e-05
5	118	8.1318e-06
5	145	-0.0023714
5	147	0.0019594
5	149	0.00072557
5	159	0.00028064
5	161	-0.0014656
5	167	-0.053309
5	173	-0.30117
5	175	-0.00023703
5	224	-0.0015433
5	231	0.0056768
5	237	-1.9669e-05
5	256	-0.0035655
5	290	0.0038392
5	296	0.00081801
5	315	0.00053848
5	334	-0.00087776
5	547	0.0027139
5	556	0.00093858
5	591	-1.2868e-05
5	610	0.0028656
5	632	0.00084591
5	642	0.003803
5	652	-0.0013357
5	666	0.0083979
5	670	0.0010083
5	709	6.7715e-05
5	720	-0.00098797
5	733	0.0014903
5	747	-0.00016804
5	749	0.00055038
5	758	-0.024755
5	803	0.0010964
5	894	-1.6819e-05
5	908	0.00071466
5	955	3.2102e-05
5	973	0.00050943
6	6	0.96602
7	7	0.47014
7	9	1.9642e-05
7	129	-0.0014651
7	134	0.114
7	170	0.00045488
7	172	0.051812
7	218	5.9967e-05
7	238	-0.035296
7	289	-0.0071212
7	292	0.00061642
7	293	0.00070583
7	296	0.0016025
7	321	0.0016324
7	326	1.249e-05
7	346	0.00016063
7	373	-0.00059235
7	510	0.00013004
7	512	-0.2243
7	516	-0.00037424
7	593	-0.0070316
7	673	-5.775e-06
7	684	0.0013455
7	685	-0.00017831
7	690	0.0026143
7	739	-0.00039226
7	741	-0.0097036
7	746	0.015149
7	868	0.38232
7	908	-0.0018342
7	929	0.00021197
8	8	0.11738
8	57	-0.0010225
8	59	6.6038e-06
8	62	0.001081
8	103	1.4072e-06
8	130	-2.3469e-08
8	145	-1.5324e-09
8	156	-0.00087448
8	170	-0.001393
8	193	4.0348e-06
8	214	-0.0056808
8	220	-1.9099e-05
8	224	3.1903e-06
8	229	-3.4335e-09
8	231	3.6685e-09
8	232	8.4158e-06
8	237	6.2273e-07
8	250	-0.00042407
8	254	3.4887e-06
8	294	1.1418e-05
8	311	0.0024565
8	343	-0.0064563
8	383	3.1902e-06
8	388	0.0024585
8	396	-1.1676e-07
8	418	-0.0014408
8	438	7.222e-08
8	460	-9.0272e-05
8	515	0.0068527
8	535	-0.0010581
8	547	1.7538e-09
8	551	8.7911e-07
8	572	0.00033811
8	603	9.8961e-05
8	630	-2.5627e-05
8	635	-0.0032504
8	638	2.8838e-05
8	657	-5.0782e-06
8	666	5.4269e-09
8	685	-0.0035535
8	699	1.5143e-05
8	748	3.4757e-08
8	777	-6.9184e-06
8	779	5.8391e-05
8	807	-7.1039e-06
8	832	3.6295e-06
8	860	-2.8904e-07
8	920	1.6641e-05
8	948	5.9715e-06
9	7	1.9642e-05
9	9	0.19177
9	30	-0.00013702
9	50	-0.0021307
9	115	0.0035686
9	170	-0.00055638
9	172	-0.00014331
9	218	-0.062093
9	221	-0.00037659
9	236	-0.021563
9	303	0.00038764
9	321	2.5311e-05
9	326	-8.0739e-05
9	373	-0.00079046
9	399	0.00060505
9	439	-9.4032e-05
9	442	0.00021328
9	461	-0.0011961
9	510	0.00036258
9	516	-0.0010435
9	541	0.041747
9	550	0.057477
9	573	-0.00089416
9	673	-0.00013452
9	679	-0.016046
9	684	4.2598e-05
9	685	0.0002181
9	690	8.2766e-05
9	700	-0.0066311
9	739	-0.00052345
9	757	0.00019391
9	774	0.00033088
9	818	-0.017919
9	858	-0.02401
9	867	4.8822e-05
9	929	0.00059101
9	962	-8.6792e-05
10	10	0.14906
10	15	0.0046467
10	105	0.020135
10	128	1.5645e-05
10	129	0.13696
10	201	0.0086458
10	221	5.0179e-07
10	236	2.8731e-05
10	312	0.11528
10	361	-9.2463e-06
10	461	-2.7597e-05
10	486	-0.07281
10	488	0.00023458
10	508	0.044075
10	619	-0.00017436
10	647	-0.060482
10	700	-0.000153
10	719	-0.00031093
10	723	0.015823
10	741	-0.020678
10	751	-0.004653
10	818	2.3876e-05
10	819	-7.1618e-05
10	953	0.00037282
10	954	-0.0087424
11	11	0.87925
11	689	-0.21507
11	823	-0.026926
11	927	0.016197
12	12	0.81042
12	235	0.28752
12	292	0.0026232
12	346	-0.010066
13	13	0.11048
13	82	0.013866
13	241	0.024085
13	437	-0.069034
13	468	-0.14877
13	668	0.026536
13	903	0.03679
13	987	0.22229
14	14	0.88502
14	104	-0.00035476
14	373	0.088264
14	493	-0.00098408
14	730	0.00045861
14	739	-0.13329
14	883	0.00059806
14	947	-0.0011017
14	951	-5.3614e-05
15	10	0.0046467
15	15	0.048829
15	38	-0.00066424
15	42	-0.0012704
15	45	-0.0014815
15	58	-0.0025366
15	59	0.0025204
15	75	0.008723
15	77	-0.032255
15	105	0.07135
15	110	0.00066478
15	126	-0.0023589
15	128	-0.0001289
15	129	0.0083159
15	147	0.0066239
15	192	0.00018586
15	200	8.7048e-05
15	201	0.0298
15	207	6.5208e-05
15	221	-4.1342e-06
15	224	-0.0052171
15	236	-0.00023672
15	256	0.011759
15	287	-5.2154e-05
15	296	-0.0026977
15	334	-0.0029673
15	336	-0.013583
15	350	-0.044004
15	355	-0.0014232
15	371	-0.025836
15	381	-0.0027683
15	407	5.2149e-05
15	415	-0.02999
15	461	0.00022737
15	486	-0.004421
15	488	-0.0019327
15	508	0.0026762
15	511	0.0028866
15	526	-0.00018743
15	556	-0.0030954
15	576	0.0022276
15	591	-4.3502e-05
15	608	-0.036846
15	611	0.00035175
15	619	0.0014366
15	624	0.0013758
15	631	-0.024888
15	652	-0.0045154
15	670	-0.0033253
15	700	0.0012605
15	709	0.00022891
15	723	0.023218
15	726	-0.00018289
15	741	-0.0012556
15	747	0.0005542
15	751	0.056394
15	788	-0.0087674
15	802	-0.00020471
15	803	-0.0036157
15	818	-0.00019671
15	908	-0.0023569
15	954	-0.012828
15	965	0.007341
15	975	-0.020015
15	984	-9.7991e-05
16	16	0.90148
17	17	0.89078
17	40	0.054219
17	372	0.02392
18	18	0.8891
19	19	0.064778
19	37	0.013259
19	50	0.0040318
19	79	-9.1093e-06
19	90	-0.00061455
19	99	-0.0039138
19	112	-8.0572e-05
19	126	1.837e-06
19	163	-0.0030254
19	185	-0.056313
19	200	3.7008e-05
19	203	-0.0064608
19	245	-0.00073481
19	276	-0.0011926
19	287	4.0614e-08
19	292	0.017972
19	293	0.020578
19	297	0.0024493
19	304	-0.0011072
19	323	-0.01158
19	334	-0.007033
19	341	-0.0097909
19	346	0.0046832
19	355	-5.9569e-07
19	367	0.0040084
19	374	-1.3493e-05
19	379	0.00063056
19	390	-0.004412
19	445	-5.6062e-05
19	473	-7.1263e-05
19	474	0.0010221
19	511	1.2082e-06
19	526	1.7187e-05
19	534	0.00011545
19	554	-0.011694
19	565	-0.040718
19	573	-0.0096075
19	593	0.0037481
19	599	0.010458
19	628	-8.4874e-05
19	652	0.0046218
19	669	0.0032775
19	722	-0.0011509
19	738	-0.00094691
19	740	-0.0010702
19	769	2.8501e-05
19	780	0.062942
19	829	-0.0025364
19	831	0.0079825
19	834	-0.041824
19	874	-0.00076284
19	891	0.00042635
19	915	-0.0078749
19	997	0.021311
20	20	0.021455
20	71	-0.043272
20	571	-0.024653
20	584	-0.025782
21	21	0.41585
21	26	-4.434e-05
21	100	-0.01097
21	127	0.0020792
21	195	0.0074978
21	208	0.0030322
21	356	0.017151
21	359	0.0001282
21	363	0.00020132
21	448	-0.0026926
21	559	-0.0051341
21	563	-0.00095878
21	618	-0.0029259
21	731	0.0054227
21	759	0.0029637
21	808	0.0030207
21	865	0.42113
21	898	-0.0087855
22	22	0.86484
23	23	0.85888
24	24	0.16027
24	186	-0.021895
24	301	-0.23586
24	312	0.00032705
24	316	3.9458e-05
24	401	0.023409
24	422	0.0037891
24	463	-0.0033623
24	517	0.0017022
24	579	-1.1869e-05
24	647	0.00062335
24	708	0.0010328
25	25	0.72857
25	794	-0.29306
25	813	9.59e-05
26	4	-0.022834
26	21	-4.434e-05
26	26	0.053976
26	31	-0.002427
26	57	0.0078452
26	60	0.025958
26	100	4.0709e-05
26	112	0.00095695
26	127	2.0262e-07
26	138	0.0061482
26	143	-8.5372e-08
26	152	2.4584e-05
26	186	-4.3327e-07
26	195	-2.7824e-05
26	200	0.0017138
26	208	0.0036333
26	217	-2.033e-05
26	232	-0.0014016
26	234	0.00050661
26	241	5.5177e-05
26	315	-1.2853e-06
26	343	-0.0011327
26	356	-6.0074e-05
26	358	-0.00020249
26	359	-0.12645
26	363	5.1965e-05
26	384	0.0045731
26	385	0.00018121
26	388	0.00043132
26	400	0.00011152
26	413	-0.00037221
26	420	1.3477e-07
26	435	0.0019836
26	441	-0.0031974
26	448	9.9921e-06
26	465	-0.010338
26	503	-0.0055216
26	515	0.0012022
26	517	-5.573e-06
26	524	0.0013205
26	526	0.0007959
26	527	0.00031386
26	531	8.1881e-07
26	535	0.0081184
26	559	-0.0013252
26	563	3.558e-06
26	567	-0.033742
26	568	-3.8613e-07
26	590	0.0065344
26	618	1.0858e-05
26	627	-0.0011512
26	630	-0.00046029
26	632	-0.00018259
26	641	-5.8573e-05
26	643	-0.0039464
26	649	0.00017013
26	655	3.2016e-08
26	675	0.012785
26	687	0.00343
26	724	-0.00086762
26	731	-7.4404e-05
26	733	0.00010364
26	734	0.0001295
26	749	1.2575e-06
26	756	-0.00035033
26	759	-1.0998e-05
26	773	0.0092143
26	808	-1.058e-05
26	809	0.0030195
26	811	7.0708e-05
26	823	3.5999e-05
26	864	0.00013303
26	865	4.1041e-05
26	898	3.2602e-05
26	903	-3.6123e-05
26	925	-3.8016e-05
26	927	5.9845e-05
26	937	0.00022658
26	956	0.0002704
27	27	0.45209
27	42	0.13857
27	94	0.076675
27	561	0.13211
27	616	-0.27464
27	803	-0.048686
27	960	-0.15892
28	28	0.21474
28	79	0.020775
28	292	-0.042628
28	293	0.039756
28	344	-0.17492
28	346	-0.011108
28	347	-0.0022105
28	366	-0.0063007
28	374	-0.014026
28	422	-0.0065399
28	431	0.0032257
28	450	-0.043211
28	453	-0.035473
28	462	-0.047549
28	463	-0.0073702
28	610	-0.010581
28	657	-0.0023434
28	660	-0.0044059
28	699	-0.00078584
28	718	-0.29503
28	758	-0.0012248
28	765	0.0064494
29	29	0.099111
29	261	0.21429
29	465	-0.0031563
29	524	-0.024711
29	958	-0.020541
29	991	0.049332
30	9	-0.00013702
30	30	0.019171
30	44	0.00093876
30	79	0.00058334
30	115	-2.4759e-05
30	120	0.0046537
30	218	4.488e-05
30	221	2.4081e-06
30	236	0.00013788
30	326	-0.00053202
30	337	4.8486e-06
30	374	0.00086403
30	399	0.0017737
30	439	-0.00076421
30	442	-0.015853
30	460	0.00016724
30	461	7.6486e-06
30	473	-0.0020529
30	534	0.0033259
30	541	-0.00026695
30	550	-0.00039876
30	626	-0.00017845
30	628	0.0054351
30	638	0.00052352
30	673	-0.0011507
30	679	-0.0035885
30	700	4.2403e-05
30	769	-0.0018251
30	797	-0.0007252
30	805	0.00042066
30	818	0.00011458
30	836	0.001714
30	852	-0.0026484
30	858	-0.00033386
30	867	-0.0059372
30	884	-0.00026941
31	26	-0.002427
31	31	0.10191
31	60	0.022189
31	143	4.665e-07
31	208	-0.00033217
31	310	0.005959
31	326	3.234e-05
31	331	0.0005908
31	359	0.0070171
31	384	-0.15599
31	397	0.0069274
31	435	0.00019695
31	439	-0.00012783
31	441	0.017472
31	451	7.1322e-05
31	503	-0.00054823
31	531	-4.4743e-06
31	546	2.653e-06
31	568	-2.5203e-05
31	612	0.0010759
31	637	0.00035253
31	643	0.15174
31	655	-0.00032959
31	673	6.9945e-05
31	687	-0.018743
31	792	-0.0083258
31	809	-0.12213
31	814	0.002466
31	835	2.8938e-05
31	902	0.0022226
31	956	-0.0014775
32	32	0.13973
32	78	-0.00012789
32	179	0.0014478
32	216	0.017396
32	223	-0.000185
32	253	0.0028401
32	256	8.4999e-05
32	300	0.0014552
32	394	-0.00039726
32	457	-0.08448
32	495	0.02442
32	499	-0.049665
32	542	-0.00015938
32	556	0.0003229
32	566	0.0081359
32	602	0.00048653
32	634	-0.049021
32	905	0.00033377
32	949	-0.12038
32	950	-0.00078198
33	33	0.09893
33	302	-0.087697
33	345	0.057083
33	366	-7.3465e-05
33	582	0.022391
33	585	0.024582
33	657	0.00017756
33	699	5.9543e-05
33	872	0.037925
34	2	0.0073249
34	5	-0.00054247
34	34	0.48716
34	42	0.0042643
34	45	-0.0048516
34	58	-0.0083067
34	59	0.0082535
34	75	0.028565
34	103	-2.0074e-05
34	118	0.0046293
34	125	-8.1608e-05
34	145	-0.001071
34	147	0.021691
34	149	-0.055885
34	158	2.0582e-05
34	159	-0.021615
34	161	0.11289
34	167	-0.0066792
34	173	0.00023323
34	224	-0.017085
34	231	0.0025638
34	237	-8.8832e-06
34	256	-0.039472
34	286	6.6167e-05
34	296	0.0090557
34	334	-0.0097172
34	371	-0.00018991
34	422	1.4437e-06
34	463	1.6269e-06
34	547	0.0012257
34	556	0.010391
34	591	-0.00014246
34	631	0.00017537
34	652	-0.014787
34	660	-4.8644e-06
34	664	-3.3519e-05
34	666	0.0037928
34	670	0.011162
34	709	0.00074964
34	747	-0.0018603
34	788	6.1779e-05
34	803	0.012137
34	825	-1.0008e-05
34	894	0.0016246
34	908	0.0079116
34	955	-0.0031007
34	973	-0.049206
35	35	0.15686
35	221	-0.075415
35	236	0.0013171
35	335	-0.00010233
35	412	-0.026317
35	486	0.13225
35	508	0.21848
35	639	0.077948
35	727	-3.4753e-05
35	839	-4.8201e-05
35	873	0.00047712
36	36	0.41467
36	114	-0.004487
36	125	0.00014884
36	158	0.00064642
36	422	4.5342e-05
36	454	-0.24072
36	463	5.1098e-05
36	501	-0.22301
36	561	-0.12397
36	616	-0.059632
36	660	-0.00015278
36	664	6.1136e-05
36	837	0.037252
37	19	0.013259
37	37	0.22787
37	50	-0.0074817
37	112	-0.0035396
37	124	-0.00017841
37	145	6.7506e-06
37	160	1.7046e-06
37	163	0.0036032
37	166	-0.0028406
37	185	-0.015525
37	200	0.0016258
37	231	-1.616e-05
37	266	-3.1094e-07
37	274	7.4595e-06
37	276	-0.00033323
37	297	-0.00013623
37	333	2.2726e-05
37	334	0.013051
37	341	-5.3577e-05
37	351	-0.00046124
37	361	7.2863e-08
37	379	-1.067e-05
37	390	0.0081872
37	445	0.00070933
37	474	-5.6851e-05
37	526	0.00075505
37	554	0.021701
37	565	0.07556
37	573	0.017828
37	599	-0.00058168
37	606	-5.9449e-05
37	652	-0.0085765
37	666	1.283e-05
37	669	-0.0001823
37	719	-1.3216e-07
37	740	-0.00010799
37	744	-1.4041e-06
37	780	0.017587
37	793	1.3988e-05
37	804	-7.2409e-06
37	819	5.6437e-07
37	834	1.7456e-06
37	844	-4.217e-05
37	874	0.0014156
37	894	0.00014303
37	915	0.0093789
37	936	-2.261e-05
37	955	7.4938e-05
37	970	0.00011941
37	989	-1.3792e-05
37	997	0.0059547
38	15	-0.00066424
38	38	0.16709
38	77	-0.0026049
38	110	-0.079082
38	150	-0.090831
38	201	-0.0012359
38	207	0.059605
38	260	0.054083
38	608	-0.0029758
38	751	-0.0029598
38	833	0.062068
38	975	-0.0016165
39	39	0.081401
39	606	0.19092
39	970	0.095049
40	17	0.054219
40	40	0.2406
40	372	-0.28882
41	1	0.05411
41	41	0.044479
41	330	0.040865
41	505	0.10217
41	940	-0.043342
42	2	0.00059615
42	5	0.0003852
42	15	-0.0012704
42	27	0.13857
42	34	0.0042643
42	42	0.32395
42	45	0.0020049
42	49	0.040003
42	58	0.0034328
42	59	-0.0034108
42	75	-0.011805
42	77	0.0029283
42	84	-0.003027
42	94	0.076122
42	102	0.015903
42	103	1.4254e-05
42	116	-0.024903
42	118	-6.3924e-05
42	145	0.00076049
42	147	-0.0089641
42	149	-0.0057037
42	155	0.016047
42	159	-0.0022061
42	161	0.011521
42	167	0.0047428
42	173	-0.00016562
42	201	-0.0023637
42	224	0.0070603
42	226	-0.010673
42	231	-0.0018205
42	237	6.3079e-06
42	256	-0.038262
42	296	-0.005581
42	334	0.0040157
42	336	0.0012276
42	350	0.0039767
42	371	0.0023348
42	424	0.11965
42	469	2.3746e-05
42	545	0.00427
42	547	-0.00087035
42	556	0.010072
42	561	-0.047751
42	588	0.0040152
42	589	0.023094
42	591	5.8872e-05
42	608	0.0033451
42	616	0.099271
42	617	9.876e-05
42	631	0.0022492
42	652	0.0061107
42	661	-0.0070762
42	666	-0.0026932
42	670	0.022399
42	684	4.1118e-05
42	688	8.5736e-05
42	690	-2.1163e-05
42	709	-0.00030979
42	747	-0.003733
42	751	-0.0056607
42	764	1.5427e-06
42	788	0.00079234
42	803	-0.085086
42	826	-1.1337e-05
42	894	0.00013222
42	908	-0.0048759
42	955	-0.00025235
42	960	0.057442
42	963	-6.363e-05
42	973	-0.0040046
42	975	0.0018171
43	43	0.37088
43	402	-0.34101
44	2	0.13515
44	30	0.00093876
44	44	0.21022
44	61	0.092143
44	120	0.080207
44	146	-0.0062687
44	170	2.5264e-05
44	326	-0.00087451
44	337	4.4384e-05
44	442	0.00067968
44	460	-0.00010749
44	594	-0.0013227
44	626	-0.0016335
44	638	-0.00033647
44	673	0.00040434
44	685	-9.9034e-06
44	797	-0.016275
44	805	0.0094405
44	836	0.01569
44	852	-0.059437
44	867	-0.0003345
44	884	-0.0024661
44	894	-0.00066088
44	934	0.1222
44	941	0.055912
44	955	0.0012614
44	973	0.020017
45	2	-0.00067824
45	5	-0.00043825
45	15	-0.0014815
45	34	-0.0048516
45	42	0.0020049
45	45	0.46697
45	58	-0.0089667
45	59	-0.020497
45	75	0.011439
45	77	0.003415
45	103	-1.6217e-05
45	118	7.2727e-05
45	145	-0.00086522
45	147	0.0086864
45	149	0.0064892
45	159	0.0025099
45	161	-0.013108
45	167	-0.005396
45	173	0.00018842
45	201	-0.0027566
45	224	0.04243
45	231	0.0020712
45	237	-7.1765e-06
45	256	-0.018558
45	296	0.0042577
45	334	-0.0038913
45	336	0.0014316
45	350	0.0046377
45	371	0.0027229
45	443	4.7422e-05
45	547	0.0009902
45	556	0.0048852
45	591	0.0011414
45	608	0.0039012
45	631	0.0026231
45	652	-0.0059214
45	666	0.0030641
45	670	0.0052481
45	709	-0.006006
45	747	-0.00087465
45	751	-0.0066015
45	788	0.00092403
45	790	2.2473e-05
45	803	0.0057064
45	894	-0.00015042
45	899	0.30211
45	908	0.0037197
45	955	0.0002871
45	973	0.0045561
45	975	0.0021192
46	46	0.14493
46	178	0.00049734
46	232	0.00010327
46	247	0.00015117
46	284	0.0030308
46	348	0.17253
46	434	-0.052303
46	489	0.15447
46	527	0.0005109
46	630	3.3912e-05
46	633	-0.00070311
46	732	0.0002766
46	785	-0.0036098
47	47	0.72755
48	48	0.10399
48	129	0.00014807
48	264	-0.0022001
48	269	0.057842
48	307	-0.0060604
48	331	0.007976
48	428	0.00065587
48	440	-0.00028308
48	512	-1.1111e-05
48	623	-0.15007
48	637	-0.013367
48	662	-0.0011323
48	689	0.0090427
48	741	0.0009807
48	823	-0.053038
48	868	1.894e-05
48	875	0.0097317
48	892	0.019313
48	921	-0.00032676
48	927	0.031904
49	42	0.040003
49	49	0.44114
49	94	-0.08122
49	116	0.17208
49	226	0.073745
49	424	0.15062
49	803	-0.014055
50	9	-0.0021307
50	19	0.0040318
50	37	-0.0074817
50	50	0.81489
50	65	0.00074521
50	77	-8.9137e-06
50	107	0.00028712
50	112	0.00017075
50	128	-3.0044e-05
50	134	1.1442e-05
50	135	7.6404e-05
50	136	-0.0035723
50	163	0.0010962
50	185	-0.0047247
50	199	7.1966e-06
50	200	-7.8429e-05
50	206	-1.7599e-05
50	218	-0.0065051
50	238	3.6955e-05
50	270	-0.00060826
50	276	-0.00010138
50	303	-0.039852
50	310	1.3314e-06
50	334	0.00085162
50	373	-0.02621
50	390	0.0019093
50	411	3.4649e-06
50	488	2.0037e-06
50	493	-6.625e-06
50	510	-0.014107
50	516	0.040598
50	521	2.9687e-05
50	526	-3.6424e-05
50	554	0.0014161
50	565	0.00071916
50	568	1.9833e-06
50	573	0.25098
50	583	-5.8348e-08
50	608	7.8029e-06
50	614	4.1853e-05
50	652	-0.00055964
50	655	2.392e-05
50	681	0.055312
50	713	-0.00014204
50	735	-0.00012816
50	739	-0.017357
50	757	-0.019935
50	774	-0.12124
50	780	0.0053504
50	820	-0.0001256
50	859	0.0026293
50	874	9.237e-05
50	888	0.00014489
50	901	5.6425e-06
50	915	0.0028533
50	929	-0.022994
50	931	-0.10693
50	947	5.9176e-06
50	962	0.0089228
50	981	5.9176e-05
50	997	0.0018116
50	999	4.1332e-06
51	51	0.034526
51	300	-0.00071836
51	394	-0.0010526
51	504	-0.07258
51	514	0.0015454
51	549	0.0065372
51	602	0.0012892
51	703	0.037347
51	711	0.032691
51	821	0.0099881
51	879	-0.014822
52	52	0.4927
52	70	0.15614
52	230	0.053812
52	361	0.013517
52	440	0.0004614
52	493	0.025256
52	552	-0.07182
52	662	-0.00011535
52	719	-0.024517
52	730	0.12211
52	744	0.045092
52	819	0.1047
52	947	0.028274
53	53	0.69798
54	54	0.20704
54	219	-0.014919
54	288	-0.001922
54	349	0.26047
54	400	-0.00094738
54	422	0.0021625
54	431	-0.0010666
54	453	-0.0015707
54	463	0.002437
54	497	0.0072899
54	516	-0.06119
54	658	-0.00080817
54	660	0.0014569
54	753	-0.0008857
54	765	-0.0021326
54	811	0.0014942
54	900	-0.031388
54	929	-0.10804
55	55	0.1471
55	566	0.25865
55	634	0.042928
56	56	0.52082
56	72	0.005072
56	271	-0.033038
56	275	-0.0082072
56	391	0.21723
56	587	-0.024925
56	607	-0.0097911
56	896	-0.024239
56	993	-0.14405
57	4	0.0032442
57	8	-0.0010225
57	26	0.0078452
57	57	0.22603
57	62	-0.003566
57	79	0.00036057
57	143	1.2723e-07
57	156	0.0081598
57	208	0.0010738
57	214	0.018739
57	220	6.3002e-05
57	232	-2.7761e-05
57	250	-0.00032969
57	254	-1.1508e-05
57	292	-0.00073985
57	293	0.00069
57	311	1.1477e-05
57	343	-0.0017871
57	344	-0.0030358
57	346	-0.0001928
57	347	-3.8365e-05
57	359	-0.022683
57	374	-0.00024343
57	386	-0.01093
57	388	0.00068051
57	418	0.013445
57	435	-0.00063663
57	441	0.0047652
57	450	0.014866
57	462	-0.00082525
57	465	0.0014688
57	503	0.0017722
57	515	0.0018968
57	524	-0.00018761
57	531	-1.2203e-06
57	535	0.17558
57	567	0.0047941
57	568	5.7546e-07
57	572	0.00026286
57	603	-0.00032644
57	630	8.4537e-05
57	655	-4.7714e-08
57	657	1.6751e-05
57	687	-0.0051119
57	699	-4.9953e-05
57	773	0.22374
57	779	-0.00019262
57	807	2.3434e-05
57	857	0.021207
57	956	-0.00040298
57	986	-0.010708
58	2	-0.0011613
58	5	-0.00075035
58	15	-0.0025366
58	34	-0.0083067
58	42	0.0034328
58	45	-0.0089667
58	58	0.72233
58	59	0.015254
58	75	0.019586
58	77	0.005847
58	103	-2.7766e-05
58	118	0.00012452
58	145	-0.0014814
58	147	0.014873
58	149	0.011111
58	159	0.0042974
58	161	-0.022443
58	167	-0.0092388
58	173	0.00032261
58	201	-0.0047197
58	224	-0.031576
58	231	0.0035463
58	237	-1.2287e-05
58	256	-0.031775
58	296	0.0072898
58	334	-0.0066625
58	336	0.0024511
58	350	0.0079406
58	371	0.0046621
58	547	0.0016954
58	556	0.0083643
58	591	-0.00026329
58	608	0.0066794
58	631	0.0044912
58	652	-0.010138
58	666	0.0052462
58	670	0.0089857
58	709	0.0013855
58	747	-0.0014975
58	751	-0.011303
58	788	0.0015821
58	803	0.0097703
58	894	-0.00025755
58	908	0.0063688
58	955	0.00049157
58	973	0.0078008
58	975	0.0036283
59	2	0.0011538
59	5	0.00074554
59	8	6.6038e-06
59	15	0.0025204
59	34	0.0082535
59	42	-0.0034108
59	45	-0.020497
59	58	0.015254
59	59	0.27813
59	75	-0.01946
59	77	-0.0058096
59	103	-0.0002661
59	118	-0.00012372
59	130	5.7916e-05
59	145	0.0014722
59	147	-0.014777
59	149	-0.011039
59	159	-0.0042699
59	161	0.022299
59	167	0.0091796
59	170	-0.00024471
59	173	-0.00032055
59	193	-0.00084209
59	201	0.0046895
59	224	-0.17443
59	229	8.4732e-06
59	231	-0.0035244
59	237	-0.00011776
59	256	0.031571
59	294	-0.028177
59	296	-0.0072431
59	311	0.00058834
59	334	0.0066198
59	336	-0.0024354
59	350	-0.0078897
59	371	-0.0046322
59	383	-0.00066581
59	396	2.4369e-05
59	438	-1.5073e-05
59	443	-8.0674e-05
59	460	0.00023751
59	547	-0.0016849
59	551	-0.00018348
59	556	-0.0083107
59	591	-0.0019417
59	608	-0.0066366
59	631	-0.0044624
59	635	-0.00057102
59	638	-7.5874e-05
59	652	0.010073
59	666	-0.0052137
59	670	-0.0089281
59	685	-0.00062427
59	709	0.010217
59	747	0.001488
59	748	-7.254e-06
59	751	0.011231
59	777	0.0014439
59	788	-0.001572
59	790	-3.8231e-05
59	803	-0.0097077
59	832	-0.0007575
59	860	6.0324e-05
59	894	0.0002559
59	899	0.033603
59	908	-0.006328
59	920	-0.041067
59	948	-0.0012463
59	955	-0.00048842
59	973	-0.0077509
59	975	-0.0036051
60	26	0.025958
60	31	0.022189
60	60	0.26453
60	143	-4.9894e-06
60	208	0.0035528
60	359	-0.075052
60	384	-0.04181
60	435	-0.0021064
60	441	-0.18687
60	503	0.0058636
60	531	4.7855e-05
60	568	-2.2567e-05
60	643	0.036081
60	655	1.8711e-06
60	687	0.20047
60	809	-0.027606
60	956	0.015803
61	2	-0.1138
61	44	0.092143
61	61	0.13463
61	120	-0.018588
61	894	0.00055648
61	934	0.17656
61	941	0.080783
61	955	-0.0010621
61	973	-0.016855
62	8	0.001081
62	57	-0.003566
62	62	0.35351
62	156	-0.0086269
62	214	-0.067496
62	220	-0.0026773
62	232	0.0011797
62	254	0.00048904
62	272	0.00053202
62	311	-1.2134e-05
62	343	-0.022517
62	388	0.0085741
62	418	-0.014214
62	515	0.023899
62	535	-0.0036902
62	603	0.013872
62	630	-0.0035924
62	657	-0.00071186
62	699	0.0021228
62	779	0.0081853
62	807	-0.00099583
63	63	0.65135
64	64	0.64686
65	50	0.00074521
65	65	0.20897
65	77	-0.00014343
65	80	-0.018122
65	107	-0.091548
65	135	-0.021453
65	136	-0.011613
65	206	-0.00028319
65	270	0.15277
65	310	2.1424e-05
65	334	0.011153
65	338	0.0086733
65	390	-0.00081548
65	430	-0.0055365
65	521	0.00047768
65	554	0.018545
65	565	-0.0075261
65	568	3.1913e-05
65	573	-0.0017758
65	608	0.00012555
65	652	-0.0073293
65	655	0.00038489
65	713	-0.0022856
65	735	0.040864
65	820	0.040046
65	859	0.0085474
65	874	0.0012097
65	877	-0.021283
65	888	-0.046199
65	981	0.00095219
65	999	-0.0010381
66	66	0.41395
66	92	-0.0015895
66	162	0.0012587
66	203	-1.7867e-05
66	277	-0.0003562
66	298	-0.001026
66	332	0.0093145
66	387	0.29296
66	510	-0.00094947
66	513	-0.00096139
66	516	-0.00024979
66	544	-0.0067965
66	555	-0.00086247
66	604	0.0015336
66	771	-0.00066157
66	829	4.551e-05
66	848	-0.00078214
66	909	0.00081657
66	929	0.00014148
66	994	-0.0027753
67	67	0.63358
68	68	0.060301
68	302	-2.0867e-06
68	345	-4.0143e-06
68	582	5.3278e-07
68	872	9.024e-07
68	876	0.18146
69	69	0.20339
69	206	-0.089412
69	310	-0.0036255
69	320	-0.23665
69	333	-0.044941
69	512	0.027152
69	568	-0.0054007
69	655	-0.065136
69	686	-0.039618
69	868	0.015929
69	894	0.0076662
69	955	0.0040166
69	989	0.027273
70	52	0.15614
70	70	0.079128
70	361	0.0079012
70	552	-0.041982
70	719	-0.014331
70	744	0.026358
70	819	0.061199
71	20	-0.043272
71	71	0.67598
71	571	0.034001
71	584	0.30127
72	56	0.005072
72	72	0.53588
72	271	-0.10819
72	275	-0.026877
72	391	-0.066333
72	587	-0.081625
72	607	-0.032064
72	896	-0.079378
72	993	0.043988
73	73	0.60783
74	74	0.10444
74	276	-0.0059742
74	780	-0.036259
74	797	-0.00020954
74	805	-0.00036125
74	894	0.089516
74	955	-0.17085
74	973	0.013722
74	997	0.10676
75	2	0.0039934
75	5	0.0025803
75	15	0.008723
75	34	0.028565
75	42	-0.011805
75	45	0.011439
75	58	0.019586
75	59	-0.01946
75	75	0.45511
75	77	-0.020107
75	103	9.5483e-05
75	118	-0.00042821
75	145	0.0050943
75	147	0.068892
75	149	-0.038207
75	159	-0.014778
75	161	0.077178
75	167	0.031771
75	173	-0.0011094
75	201	0.01623
75	224	0.040282
75	231	-0.012195
75	237	4.2254e-05
75	256	0.10927
75	296	-0.025068
75	334	-0.030862
75	336	-0.0084291
75	350	-0.027306
75	371	-0.016032
75	547	-0.0058302
75	556	-0.028764
75	591	0.00033589
75	608	-0.022969
75	631	-0.015444
75	652	-0.046963
75	666	-0.018041
75	670	-0.0309
75	709	-0.0017675
75	747	0.0051498
75	751	0.038869
75	788	-0.0054406
75	803	-0.033599
75	894	0.00088568
75	908	-0.021901
75	955	-0.0016904
75	973	-0.026826
75	975	-0.012477
76	76	0.09526
76	355	-0.00081444
76	511	-0.00040156
76	958	-0.10973
76	967	0.14391
76	991	-0.045688
77	15	-0.032255
77	38	-0.0026049
77	42	0.0029283
77	45	0.003415
77	50	-8.9137e-06
77	58	0.005847
77	59	-0.0058096
77	65	-0.00014343
77	75	-0.020107
77	77	0.10644
77	107	-5.5261e-05
77	110	0.002607
77	135	-1.4705e-05
77	136	0.0001389
77	147	-0.015268
77	201	-0.060014
77	206	-0.0036155
77	207	0.00025572
77	209	-0.0090946
77	224	0.012026
77	256	-0.027105
77	270	0.00011707
77	296	0.0062185
77	310	0.00027351
77	313	0.0007046
77	334	0.0067064
77	336	0.03131
77	350	0.10143
77	371	0.059553
77	390	9.7541e-06
77	521	-0.019139
77	554	-0.00022183
77	556	0.007135
77	565	9.0022e-05
77	568	0.00040743
77	573	2.1241e-05
77	591	0.00010028
77	608	0.06846
77	631	0.057369
77	652	0.010496
77	655	0.0049139
77	670	0.0076651
77	709	-0.00052766
77	713	-0.0047185
77	735	2.4667e-05
77	747	-0.0012775
77	751	-0.14372
77	788	0.020209
77	803	0.0083344
77	820	2.4173e-05
77	859	-0.00010224
77	874	-1.447e-05
77	888	-2.7887e-05
77	897	-0.028161
77	908	0.0054328
77	974	-0.00356
77	975	0.049391
77	981	0.0019658
77	999	-7.955e-07
78	32	-0.00012789
78	78	0.54751
78	216	0.0015697
78	223	0.00050591
78	256	0.02636
78	499	7.9398e-05
78	542	0.00043584
78	556	0.10014
78	566	-2.1932e-05
78	634	0.00013215
78	905	0.10351
79	19	-9.1093e-06
79	28	0.020775
79	30	0.00058334
79	57	0.00036057
79	79	0.079859
79	88	0.0002126
79	126	-9.9712e-05
79	185	-7.7735e-06
79	233	-0.0005687
79	245	0.00031286
79	287	-2.2045e-06
79	292	0.0092708
79	293	-0.0086462
79	309	-0.00048305
79	341	7.6706e-05
79	344	-0.018963
79	346	0.0024159
79	347	0.00048074
79	355	3.2334e-05
79	366	-0.00052259
79	374	-0.024793
79	379	-0.00039494
79	386	-0.0002305
79	411	0.004836
79	422	-0.00054243
79	431	0.00026754
79	442	0.00042235
79	450	-0.0021046
79	453	-0.0029422
79	460	-6.6792e-05
79	462	0.010341
79	463	-0.00061129
79	470	-6.027e-08
79	473	0.0039826
79	493	0.0014068
79	511	-6.5581e-05
79	520	-9.391e-08
79	534	-0.0064521
79	535	-0.00034843
79	540	-0.000443
79	553	5.6671e-08
79	586	-4.8421e-06
79	592	3.9313e-05
79	610	-0.00087758
79	628	0.0022187
79	638	-0.00020908
79	651	0.0037706
79	657	-0.00019436
79	660	-0.00036544
79	682	-0.0018144
79	699	-6.5179e-05
79	718	-0.029508
79	758	-0.00010159
79	765	0.00053492
79	767	0.018157
79	769	-0.0020464
79	797	4.1108e-06
79	805	-2.3845e-06
79	834	-2.4991e-06
79	852	1.5013e-05
79	857	0.00044723
79	867	-0.00020785
79	875	0.00015298
79	892	-7.7083e-05
79	928	-8.0476e-05
79	945	0.00021799
79	947	-0.0012566
79	986	-0.0001351
80	65	-0.018122
80	80	0.34979
80	135	0.17676
80	338	-0.15793
80	430	0.10081
80	877	-0.16539
80	926	-0.011836
81	81	0.30241
81	180	0.00066009
81	472	-1.6605e-05
81	701	0.00055989
81	763	-0.1151
81	866	0.26193
81	887	6.0464e-06
81	906	9.6024e-05
82	13	0.013866
82	82	0.018227
82	152	-1.4983e-06
82	186	-1.3299e-05
82	222	-0.001514
82	241	5.9232e-05
82	315	-3.9451e-05
82	348	9.6057e-06
82	396	4.367e-05
82	420	4.1365e-06
82	434	5.7087e-05
82	437	-0.0088201
82	438	-2.7011e-05
82	459	0.00055659
82	468	-0.017057
82	489	8.6004e-06
82	517	-0.00017106
82	668	0.015877
82	734	-7.8923e-06
82	748	1.0103e-07
82	749	3.8598e-05
82	832	1.055e-05
82	860	0.0001081
82	903	9.0476e-05
82	987	0.028401
83	83	0.56722
84	42	-0.003027
84	84	0.38934
84	94	0.0061458
84	424	0.0042172
84	469	-0.0027458
84	545	0.24479
84	688	-0.0099139
84	803	0.0010635
85	85	0.55943
86	86	0.55558
87	87	0.063885
87	189	0.010269
87	400	0.00045392
87	422	-0.0024368
87	431	0.0012019
87	452	-0.12108
87	453	0.0017699
87	463	-0.0027462
87	494	0.05227
87	658	-0.00084314
87	660	-0.0016417
87	753	-0.00092401
87	765	0.0024031
87	811	-0.00071593
87	900	-0.00074998
88	79	0.0002126
88	88	0.14695
88	233	0.071702
88	309	-0.063807
88	374	0.00031489
88	411	0.00018592
88	493	5.4086e-05
88	540	0.055854
88	592	0.0087103
88	628	-7.2877e-05
88	651	0.00014496
88	682	-6.9757e-05
88	767	0.00069806
88	875	-0.019288
88	892	0.0097188
88	928	-0.017831
88	945	0.048299
88	947	-4.8311e-05
89	89	0.54417
90	19	-0.00061455
90	90	0.092081
90	99	0.016643
90	185	0.00072015
90	276	-1.8676e-05
90	304	-0.072025
90	323	-0.012619
90	367	-0.030852
90	415	-0.00020469
90	423	0.0078112
90	653	-0.009325
90	722	0.14318
90	726	0.0025457
90	738	-0.061597
90	764	-3.3836e-05
90	780	0.00098567
90	826	0.00024865
90	831	0.0086988
90	891	-0.0032816
90	913	-0.0039905
90	917	-6.5306e-06
90	963	-4.5121e-05
90	965	-0.00077277
90	972	-0.014206
90	997	0.00033373
91	91	0.5367
92	66	-0.0015895
92	92	0.30883
92	277	0.00012061
92	332	-0.003154
92	387	0.0020786
92	478	1.1869e-05
92	510	-0.064477
92	513	0.00032553
92	516	-0.016963
92	520	-1.0058e-05
92	544	0.0039356
92	553	-1.6666e-05
92	555	0.15564
92	604	-0.00051927
92	771	-0.044926
92	929	0.0096074
92	994	-0.18847
93	93	0.52933
94	27	0.076675
94	42	0.076122
94	49	-0.08122
94	84	0.0061458
94	94	0.24141
94	116	0.050562
94	226	0.021669
94	424	-0.24294
94	469	-4.8212e-05
94	545	-0.0086697
94	561	-0.026422
94	616	0.054929
94	688	-0.00017407
94	803	-0.026745
94	960	0.031784
95	95	0.19263
95	103	0.011359
95	188	-0.046018
95	194	-0.0038517
95	237	-0.025669
95	271	-0.001102
95	275	0.0007056
95	329	-0.0084846
95	336	-0.050904
95	343	0.0050909
95	371	0.013099
95	376	-0.073842
95	388	-0.0019386
95	451	0.00057744
95	515	0.0054919
95	546	-0.015523
95	587	0.0021429
95	607	-0.00032659
95	631	0.012619
95	788	0.0044451
95	896	-0.0008085
95	942	-0.0010168
95	944	-0.028817
96	96	0.2348
96	697	-0.10343
96	723	-0.11223
96	954	-0.20314
97	97	0.34919
97	266	-0.056633
97	299	-0.00091403
97	318	0.029464
97	356	-0.0018758
97	483	0.00043802
97	496	-0.00082659
97	581	-0.00023287
97	695	0.20446
97	745	0.00066569
97	793	-0.0012589
97	808	0.010651
98	98	0.3602
98	183	-0.047029
98	560	0.2215
99	19	-0.0039138
99	90	0.016643
99	99	0.21508
99	185	0.0045864
99	276	-0.00011894
99	304	0.029985
99	323	-0.080367
99	367	-0.19649
99	415	0.0003255
99	653	0.014829
99	722	0.031169
99	726	-0.0040483
99	738	0.025644
99	764	5.3807e-05
99	780	0.0062773
99	826	-0.00039541
99	831	0.0554
99	891	-0.020899
99	913	0.0063458
99	917	-4.1591e-05
99	963	7.1752e-05
99	965	0.0012289
99	997	0.0021254
100	21	-0.01097
100	26	4.0709e-05
100	100	0.037966
100	127	5.0131e-05
100	190	0.0059628
100	195	-0.0070534
100	208	-0.0027839
100	254	0.0074179
100	356	-0.014863
100	359	-0.0001177
100	363	-0.00018484
100	367	-0.0016492
100	407	-0.0014357
100	448	-0.014316
100	464	0.025654
100	559	0.0047137
100	563	0.00090195
100	618	-0.0027699
100	731	-0.0049787
100	759	0.0028056
100	795	-0.0043185
100	802	-0.00036573
100	807	0.0036429
100	808	-0.0026177
100	865	0.010154
100	889	0.0079251
100	891	0.015505
100	898	0.0082647
101	101	0.36424
101	352	-0.19415
102	42	0.015903
102	102	0.082616
102	155	0.071566
102	296	-0.068558
102	366	0.0034457
102	422	-0.00011482
102	431	5.6633e-05
102	453	-0.0006228
102	463	-0.0001294
102	588	0.017907
102	589	0.10186
102	617	-0.00034842
102	657	0.0012815
102	660	-7.7354e-05
102	661	-0.031559
102	670	0.041627
102	684	-0.00014506
102	690	7.4661e-05
102	699	0.00042976
102	747	-0.0069375
102	764	6.8803e-06
102	765	0.00011323
102	803	0.045262
102	826	-5.056e-05
102	908	-0.059896
102	963	-0.00028378
103	2	-2.8063e-06
103	5	-4.4447e-05
103	8	1.4072e-06
103	34	-2.0074e-05
103	42	1.4254e-05
103	45	-1.6217e-05
103	58	-2.7766e-05
103	59	-0.0002661
103	75	9.5483e-05
103	95	0.011359
103	103	0.064506
103	118	3.0091e-07
103	130	1.0437e-06
103	145	0.00033343
103	147	7.2506e-05
103	149	2.6849e-05
103	159	1.0385e-05
103	161	-5.4234e-05
103	167	-0.00054725
103	173	1.911e-05
103	188	0.0031531
103	193	0.020665
103	224	-0.00019899
103	229	1.527e-07
103	231	-0.00079819
103	237	-0.074665
103	256	-0.00013194
103	294	-0.00050777
103	296	3.027e-05
103	311	0.00012537
103	334	-3.2481e-05
103	376	-0.0071627
103	396	-0.00059175
103	438	0.00036601
103	460	0.0040146
103	547	-0.00038159
103	551	0.0044554
103	556	3.4731e-05
103	591	-4.7618e-07
103	638	-0.0012825
103	652	-4.9426e-05
103	666	-0.0011808
103	670	3.7311e-05
103	709	2.5057e-06
103	747	-6.2183e-06
103	748	0.00017615
103	777	-0.035434
103	803	4.057e-05
103	832	0.018394
103	860	-0.0014649
103	894	-6.2239e-07
103	908	2.6445e-05
103	920	-0.00074007
103	944	-0.015647
103	948	-0.002793
103	955	1.1879e-06
103	973	1.8851e-05
104	14	-0.00035476
104	104	0.0042195
104	373	0.0010795
104	493	-0.0051563
104	730	0.002403
104	739	-0.0016302
104	883	0.0031336
104	947	-0.0057726
104	951	-0.00028092
105	10	0.020135
105	15	0.07135
105	105	0.79635
105	128	0.00024022
105	129	0.036035
105	201	0.13276
105	221	7.7051e-06
105	236	0.00044117
105	461	-0.00042376
105	486	-0.019157
105	488	0.003602
105	508	0.011597
105	619	-0.0026773
105	700	-0.0023492
105	723	0.24297
105	741	-0.0054407
105	751	-0.071447
105	818	0.00036662
105	954	-0.13424
106	106	0.48382
107	50	0.00028712
107	65	-0.091548
107	77	-5.5261e-05
107	107	0.25923
107	135	-0.0093861
107	136	-0.0044743
107	206	-0.00010911
107	270	0.074724
107	310	8.2542e-06
107	313	0.00027096
107	334	0.0042972
107	390	-0.00031419
107	521	0.00018404
107	554	0.0071453
107	565	-0.0028997
107	568	1.2296e-05
107	573	-0.00068419
107	608	4.8375e-05
107	652	-0.0028239
107	655	0.0001483
107	713	-0.0008806
107	725	0.00023421
107	735	-0.11294
107	820	-0.1106
107	856	4.7223e-05
107	859	0.0032932
107	874	0.0004661
107	888	0.12769
107	974	5.3629e-05
107	981	0.00036687
107	999	-0.00050775
108	108	0.47718
109	109	0.47389
110	15	0.00066478
110	38	-0.079082
110	77	0.002607
110	110	0.16061
110	150	-0.091633
110	201	0.0012369
110	207	0.0077634
110	260	0.054561
110	608	0.0029781
110	751	0.0029622
110	833	0.062616
110	975	0.0016178
111	111	0.46738
112	19	-8.0572e-05
112	26	0.00095695
112	37	-0.0035396
112	50	0.00017075
112	112	0.072252
112	124	-0.0062216
112	138	-0.047089
112	145	0.00023541
112	160	5.9443e-05
112	163	-8.2234e-05
112	166	-0.09906
112	185	0.00054378
112	200	-0.0011269
112	208	0.00013098
112	231	-0.00056355
112	232	-0.025422
112	266	-1.0844e-05
112	274	0.00026013
112	276	7.6051e-06
112	297	-0.0047508
112	333	0.00079253
112	334	-0.00029785
112	341	-0.0018684
112	351	-0.016085
112	359	-0.0027668
112	361	2.5409e-06
112	379	-0.0003721
112	390	-0.00018685
112	435	0.012641
112	445	0.024736
112	474	-0.0019825
112	503	-0.035189
112	526	-0.00052336
112	527	0.0056926
112	554	-0.00049526
112	565	-0.0017244
112	573	-0.00040688
112	599	-0.020285
112	606	-0.0020731
112	627	-0.013902
112	630	-0.0083484
112	652	0.00019573
112	666	0.00044742
112	669	-0.0063572
112	719	-4.6087e-06
112	740	-0.003766
112	744	-4.8964e-05
112	780	-0.00040137
112	793	0.0004878
112	804	-0.00025251
112	819	1.9681e-05
112	834	6.0873e-05
112	844	-0.0014706
112	874	-3.2307e-05
112	894	0.0049878
112	915	-0.00021405
112	936	-0.00078846
112	937	0.0027361
112	955	0.0026133
112	970	0.0041641
112	989	-0.00048096
112	997	-0.0001359
113	113	0.062919
113	481	0.10315
114	36	-0.004487
114	114	0.45396
114	125	-9.8643e-06
114	158	-4.284e-05
114	171	0.00035356
114	178	0.00040393
114	232	-0.00025856
114	247	0.00012278
114	422	-3.0049e-06
114	454	-0.0029163
114	463	-3.3864e-06
114	501	-0.0027017
114	527	-0.0012792
114	561	0.0033164
114	616	0.0015953
114	630	-8.4909e-05
114	633	-0.00057106
114	660	1.0125e-05
114	664	-4.0516e-06
114	678	0.0018817
114	732	0.00022465
114	837	0.031727
115	9	0.0035686
115	30	-2.4759e-05
115	115	0.043778
115	130	0.086137
115	218	-0.0011689
115	221	-6.2719e-05
115	229	0.012602
115	236	-0.0035911
115	294	0.00018084
115	326	-1.1829e-05
115	399	0.00010933
115	439	-1.6991e-05
115	442	3.8538e-05
115	461	-0.00019921
115	541	0.0069526
115	550	0.0091915
115	673	-2.5583e-05
115	679	-0.0028995
115	700	-0.0011044
115	818	-0.0029843
115	858	0.0086953
115	867	8.8219e-06
116	42	-0.024903
116	49	0.17208
116	94	0.050562
116	116	0.56915
116	226	0.050421
116	424	-0.093767
116	803	0.0087498
117	117	0.44839
118	2	-0.0001098
118	5	8.1318e-06
118	34	0.0046293
118	42	-6.3924e-05
118	45	7.2727e-05
118	58	0.00012452
118	59	-0.00012372
118	75	-0.00042821
118	103	3.0091e-07
118	118	0.79591
118	125	1.2233e-06
118	145	1.6054e-05
118	147	-0.00032516
118	149	0.00083773
118	158	-3.0853e-07
118	159	0.00032402
118	161	-0.0016922
118	167	0.00010012
118	173	-3.4963e-06
118	224	0.00025611
118	231	-3.8433e-05
118	237	1.3316e-07
118	256	0.0005917
118	286	-9.9187e-07
118	296	-0.00013575
118	334	0.00014566
118	371	2.8468e-06
118	422	-2.1641e-08
118	463	-2.4388e-08
118	547	-1.8374e-05
118	556	-0.00015576
118	591	2.1355e-06
118	631	-2.6289e-06
118	652	0.00022166
118	660	7.2919e-08
118	664	5.0247e-07
118	666	-5.6855e-05
118	670	-0.00016733
118	709	-1.1237e-05
118	747	2.7887e-05
118	788	-9.2609e-07
118	803	-0.00018194
118	825	1.5002e-07
118	894	-2.4353e-05
118	908	-0.0001186
118	955	4.648e-05
118	973	0.00073761
119	119	0.44223
120	2	-0.027262
120	30	0.0046537
120	44	0.080207
120	61	-0.018588
120	120	0.59165
120	146	-0.031075
120	170	0.00012524
120	326	-0.0043351
120	337	0.00022002
120	442	0.0033693
120	460	-0.00053284
120	594	-0.0065569
120	626	-0.0080979
120	638	-0.001668
120	673	0.0020044
120	685	-4.9093e-05
120	797	-0.08068
120	805	0.046799
120	836	0.077778
120	852	-0.29464
120	867	-0.0016582
120	884	-0.012225
120	894	0.00013332
120	934	-0.024651
120	941	-0.011279
120	955	-0.00025445
120	973	-0.004038
121	121	0.16788
121	227	-0.082913
121	714	-0.15659
122	122	0.43315
123	123	0.21633
123	985	-0.21453
124	37	-0.00017841
124	112	-0.0062216
124	124	0.2184
124	160	0.00039723
124	166	-0.0041924
124	200	0.0028577
124	266	-7.2461e-05
124	274	0.0017383
124	333	0.026597
124	361	1.698e-05
124	445	-8.4724e-05
124	526	0.0013272
124	719	-3.0798e-05
124	740	-0.0016174
124	744	-0.0003272
124	793	0.0032597
124	819	0.00013152
124	894	0.16739
124	955	0.087703
124	989	-0.016141
125	2	0.00013043
125	34	-8.1608e-05
125	36	0.00014884
125	114	-9.8643e-06
125	118	1.2233e-06
125	125	0.086491
125	149	0.00010915
125	158	-0.012046
125	159	4.2219e-05
125	161	-0.00022049
125	286	-0.016563
125	371	0.047538
125	422	-0.00084496
125	454	9.6741e-05
125	463	-0.00095223
125	482	0.00018045
125	501	8.9622e-05
125	561	-0.00027254
125	616	-0.0001311
125	631	-0.0439
125	660	0.0028471
125	664	0.031539
125	704	0.00019795
125	788	-0.015465
125	825	0.0025052
125	837	8.1895e-05
125	838	-0.0002671
125	894	2.8926e-05
125	955	-5.5209e-05
125	973	-0.00087613
126	15	-0.0023589
126	19	1.837e-06
126	79	-9.9712e-05
126	126	0.044709
126	185	1.5676e-06
126	192	0.001118
126	200	0.0005236
126	201	-0.0043891
126	245	-6.3091e-05
126	287	-0.0083268
126	341	-1.5468e-05
126	355	0.012292
126	374	-0.00014769
126	379	7.9643e-05
126	407	0.00031368
126	470	-6.2491e-05
126	473	-0.00078005
126	511	-0.024931
126	520	-9.7371e-05
126	526	-0.0011274
126	534	0.0012638
126	553	5.876e-05
126	586	-0.0050206
126	624	0.0082755
126	628	-0.00092903
126	723	0.0029002
126	751	0.0023621
126	769	0.00031197
